4.240963297953e-07 
2.696132714026e-07 
2.316686617353e-07 
2.757469072999e-07 
3.292779777355e-07 
3.602261818250e-07 
4.770650992831e-07 
4.894891800020e-07 
5.604633872568e-07 
6.793115713555e-07 
7.072392408337e-07 
7.758470680196e-07 
9.770568119267e-07 
1.027034572289e-06 
1.081214348146e-06 
1.166296761098e-06 
1.414234548532e-06 
1.568285939442e-06 
1.661221548367e-06 
1.779630055225e-06 
1.912661801036e-06 
2.070256338454e-06 
2.247116416938e-06 
2.440922277356e-06 
2.634586766501e-06 
2.840420766076e-06 
3.057541417697e-06 
3.273814110849e-06 
3.490835901925e-06 
3.703675453886e-06 
3.919870678162e-06 
4.131042500681e-06 
4.350650610606e-06 
4.573809316682e-06 
4.788029011676e-06 
5.017090521721e-06 
5.250956166553e-06 
5.489722879918e-06 
5.733819478640e-06 
5.983983146886e-06 
6.240626804293e-06 
6.504513772853e-06 
6.758348012519e-06 
7.039206594040e-06 
7.329467173595e-06 
7.629478851035e-06 
7.939723967309e-06 
8.260535125230e-06 
8.592305965544e-06 
8.935458201843e-06 
