2.180394824135e+04 
5.414912178907e+04 
8.403861114805e+04 
8.248091702640e+04 
7.933670598352e+04 
8.458248367107e+04 
6.904380303461e+04 
7.847934242017e+04 
7.630021027454e+04 
6.814445041903e+04 
7.409759336017e+04 
7.459501986549e+04 
6.196265210500e+04 
6.532852422595e+04 
6.837188070889e+04 
6.891740472103e+04 
5.902522503037e+04 
5.681829317925e+04 
5.800768950928e+04 
5.811317383528e+04 
5.777411879127e+04 
5.671078293936e+04 
5.529478977440e+04 
5.371176387349e+04 
5.249767051608e+04 
5.126629635822e+04 
5.005723346570e+04 
4.912999838851e+04 
4.839898649189e+04 
4.791727631360e+04 
4.751472568095e+04 
4.731227042717e+04 
4.707705486149e+04 
4.688453396631e+04 
4.689813040666e+04 
4.678239848041e+04 
4.667881092083e+04 
4.658494046687e+04 
4.649498810639e+04 
4.640078872002e+04 
4.629889018992e+04 
4.618300620906e+04 
4.621876708975e+04 
4.605130278243e+04 
4.585879137688e+04 
4.564198410523e+04 
4.540069478786e+04 
4.513615964863e+04 
4.484921862598e+04 
4.454062751145e+04 
