6.113497111499e-15 
2.594340568353e-15 
1.992215190776e-15 
2.816236691783e-15 
4.003791286771e-15 
4.816873264272e-15 
8.288659419716e-15 
8.827994259587e-15 
1.154643897985e-14 
1.678944780770e-14 
1.833446924118e-14 
2.207521477598e-14 
3.444766959173e-14 
3.822665364313e-14 
4.254149384659e-14 
4.953082034257e-14 
7.189466283017e-14 
8.814663121259e-14 
9.906462916412e-14 
1.137050953647e-13 
1.312787946126e-13 
1.535838862515e-13 
1.805967566737e-13 
2.126275122629e-13 
2.472937930519e-13 
2.869471683578e-13 
3.319346833188e-13 
3.800592731268e-13 
4.316764291520e-13 
4.855909584284e-13 
5.436383375353e-13 
6.036267480621e-13 
6.693005879688e-13 
7.395246661655e-13 
8.104565084210e-13 
8.897312517020e-13 
9.744937894578e-13 
1.065012927622e-12 
1.161710197731e-12 
1.265160392085e-12 
1.375849933977e-12 
1.494459401045e-12 
1.613511858924e-12 
1.750050784184e-12 
1.896887781045e-12 
2.054778360951e-12 
2.224598945024e-12 
2.407172438782e-12 
2.603441345503e-12 
2.814397963335e-12 
