100.000000 1.947873371753e-08 
200.000000 1.152714538148e-08 
300.000000 9.494712834981e-09 
400.000000 1.132254140136e-08 
500.000000 1.357358332546e-08 
600.000000 1.475282557977e-08 
700.000000 1.993706859366e-08 
800.000000 2.019879232143e-08 
900.000000 2.319247168803e-08 
1000.000000 2.842445365297e-08 
1100.000000 2.935073492814e-08 
1200.000000 3.217611780354e-08 
1300.000000 4.125607405277e-08 
1400.000000 4.314853919339e-08 
1500.000000 4.522519034240e-08 
1600.000000 4.874602395982e-08 
1700.000000 5.999010672668e-08 
1800.000000 6.676165291579e-08 
1900.000000 7.058348808671e-08 
2000.000000 7.560318095777e-08 
2100.000000 8.130072096247e-08 
2200.000000 8.815362323578e-08 
2300.000000 9.591092385599e-08 
2400.000000 1.044641596945e-07 
2500.000000 1.129917428727e-07 
2600.000000 1.220867528005e-07 
2700.000000 1.317077547652e-07 
2800.000000 1.412677503325e-07 
2900.000000 1.508428705996e-07 
3000.000000 1.601930021246e-07 
3100.000000 1.696832830245e-07 
3200.000000 1.789064781422e-07 
3300.000000 1.885163819853e-07 
3400.000000 1.982758061738e-07 
3500.000000 2.075772581804e-07 
3600.000000 2.175775070202e-07 
3700.000000 2.277886841040e-07 
3800.000000 2.382157543385e-07 
3900.000000 2.488798665566e-07 
4000.000000 2.598172381958e-07 
4100.000000 2.710483491692e-07 
4200.000000 2.826108132126e-07 
4300.000000 2.936614836554e-07 
4400.000000 3.060088234778e-07 
4500.000000 3.187944559588e-07 
4600.000000 3.320361508796e-07 
4700.000000 3.457582700768e-07 
4800.000000 3.599779553331e-07 
4900.000000 3.747154233722e-07 
5000.000000 3.899923658247e-07 
