9.999995759037e-01 
9.999997303867e-01 
9.999997683313e-01 
9.999997242531e-01 
9.999996707220e-01 
9.999996397738e-01 
9.999995229349e-01 
9.999995105108e-01 
9.999994395366e-01 
9.999993206884e-01 
9.999992927607e-01 
9.999992241529e-01 
9.999990229432e-01 
9.999989729654e-01 
9.999989187856e-01 
9.999988337032e-01 
9.999985857654e-01 
9.999984317140e-01 
9.999983387784e-01 
9.999982203698e-01 
9.999980873381e-01 
9.999979297435e-01 
9.999977528834e-01 
9.999975590775e-01 
9.999973654130e-01 
9.999971595789e-01 
9.999969424583e-01 
9.999967261855e-01 
9.999965091637e-01 
9.999962963241e-01 
9.999960801288e-01 
9.999958689569e-01 
9.999956493487e-01 
9.999954261899e-01 
9.999952119702e-01 
9.999949829086e-01 
9.999947490429e-01 
9.999945102761e-01 
9.999942661794e-01 
9.999940160156e-01 
9.999937593718e-01 
9.999934954847e-01 
9.999932416504e-01 
9.999929607917e-01 
9.999926705309e-01 
9.999923705191e-01 
9.999920602738e-01 
9.999917394625e-01 
9.999914076914e-01 
9.999910645390e-01 
