2.211184816088e+04 
3.597683623081e+04 
4.196274183110e+04 
4.483661361171e+04 
4.555811073497e+04 
4.598061756946e+04 
4.555382928579e+04 
4.468028780015e+04 
4.360884462657e+04 
4.236049837211e+04 
4.115703427402e+04 
3.993876132192e+04 
3.875639428314e+04 
3.762829174871e+04 
3.668237188112e+04 
3.660477889641e+04 
3.579435365990e+04 
4.115816782420e+04 
3.660840475402e+04 
3.938751312649e+04 
4.016724023421e+04 
4.063970195100e+04 
3.747167887619e+04 
3.766056819325e+04 
3.781565763790e+04 
3.805738897039e+04 
3.735244817653e+04 
3.952289299689e+04 
3.807693334115e+04 
3.952335910530e+04 
3.978327573543e+04 
3.958524552921e+04 
3.958284936096e+04 
3.995865349243e+04 
4.105096071594e+04 
4.000291271633e+04 
4.063521068736e+04 
4.111982461479e+04 
4.062600189415e+04 
4.118456679793e+04 
4.171544048082e+04 
4.113656834632e+04 
4.198202499474e+04 
4.145317338143e+04 
4.214269591887e+04 
4.280552958819e+04 
4.290092817770e+04 
4.245025981771e+04 
4.378870644438e+04 
4.360514846211e+04 
