100.000000 1.927323133521e-08 
200.000000 1.601229566044e-08 
300.000000 1.686315505727e-08 
400.000000 1.876643025376e-08 
500.000000 2.148670405202e-08 
600.000000 2.448311656135e-08 
700.000000 2.806690997605e-08 
800.000000 3.218329021983e-08 
900.000000 3.679232460227e-08 
1000.000000 4.196054812110e-08 
1100.000000 4.757876641324e-08 
1200.000000 5.372921020837e-08 
1300.000000 6.039634285752e-08 
1400.000000 6.757901868954e-08 
1500.000000 7.508348333327e-08 
1600.000000 8.161066325347e-08 
1700.000000 8.984826812271e-08 
1800.000000 8.673182022362e-08 
1900.000000 1.023791681939e-07 
2000.000000 1.036373842678e-07 
2100.000000 1.091960897265e-07 
2200.000000 1.155214948313e-07 
2300.000000 1.313079024767e-07 
2400.000000 1.390977799094e-07 
2500.000000 1.471867920649e-07 
2600.000000 1.551985675024e-07 
2700.000000 1.666596169502e-07 
2800.000000 1.683410493670e-07 
2900.000000 1.829193635223e-07 
3000.000000 1.870660864515e-07 
3100.000000 1.957775032674e-07 
3200.000000 2.065301679916e-07 
3300.000000 2.167626563497e-07 
3400.000000 2.255299015923e-07 
3500.000000 2.311404234520e-07 
3600.000000 2.468411342492e-07 
3700.000000 2.547600488802e-07 
3800.000000 2.634856841578e-07 
3900.000000 2.775234029804e-07 
4000.000000 2.861111598270e-07 
4100.000000 2.949158987778e-07 
4200.000000 3.103312792504e-07 
4300.000000 3.174612590607e-07 
4400.000000 3.332122624702e-07 
4500.000000 3.414244959041e-07 
4600.000000 3.498429549945e-07 
4700.000000 3.621004896723e-07 
4800.000000 3.784174372126e-07 
4900.000000 3.822317850352e-07 
5000.000000 3.969473573348e-07 
