6.006404945089e-15 
4.552873704885e-15 
5.216923624345e-15 
6.564977776784e-15 
8.644353426198e-15 
1.125081985621e-14 
1.474675016676e-14 
1.930358255479e-14 
2.508692474184e-14 
3.240290541244e-14 
4.138562128199e-14 
5.241266530791e-14 
6.578450562817e-14 
8.182259360105e-14 
1.004445127472e-13 
1.185935544719e-13 
1.430449400868e-13 
1.374735177493e-13 
1.865999629894e-13 
1.943077542463e-13 
2.166387323765e-13 
2.430797624138e-13 
3.083944141569e-13 
3.464062759340e-13 
3.881592972841e-13 
4.321129639640e-13 
4.961732781428e-13 
5.125420715842e-13 
6.000544153273e-13 
6.327052966805e-13 
6.939049332799e-13 
7.712077345224e-13 
8.493339952240e-13 
9.212018008325e-13 
9.733792105115e-13 
1.103332362930e-12 
1.179187266595e-12 
1.264482133209e-12 
1.398558959120e-12 
1.490731980849e-12 
1.588159529137e-12 
1.752373699981e-12 
1.841934998596e-12 
2.022700130405e-12 
2.131120024965e-12 
2.244957320963e-12 
2.405515830140e-12 
2.619789561848e-12 
2.691607161142e-12 
2.898900035951e-12 
