4.200214021759e-07 
3.617188287693e-07 
3.857609726900e-07 
4.317099437424e-07 
4.949611462423e-07 
5.644290375296e-07 
6.465237956665e-07 
7.401070410252e-07 
8.443400479888e-07 
9.605680339507e-07 
1.086532832274e-06 
1.223901321505e-06 
1.372337574834e-06 
1.531802253062e-06 
1.698344897627e-06 
1.845595805229e-06 
2.028151924474e-06 
1.980177249636e-06 
2.314959423787e-06 
2.357293768725e-06 
2.487625513578e-06 
2.634136861083e-06 
2.973986763715e-06 
3.151483412800e-06 
3.335618435255e-06 
3.518735203687e-06 
3.772515661785e-06 
3.827930557316e-06 
4.146309984203e-06 
4.252929236882e-06 
4.452960282207e-06 
4.695091939740e-06 
4.927140233273e-06 
5.129863495403e-06 
5.268740292167e-06 
5.613754101522e-06 
5.800700398580e-06 
6.004555861989e-06 
6.317142693944e-06 
6.519163466628e-06 
6.726063345075e-06 
7.068151143446e-06 
7.241862189966e-06 
7.591696416066e-06 
7.788373132363e-06 
7.989666730436e-06 
8.269668219088e-06 
8.632815163013e-06 
8.741537265753e-06 
9.072947418701e-06 
