9.999995799786e-01 
9.999996382812e-01 
9.999996142390e-01 
9.999995682900e-01 
9.999995050388e-01 
9.999994355710e-01 
9.999993534762e-01 
9.999992598929e-01 
9.999991556599e-01 
9.999990394319e-01 
9.999989134671e-01 
9.999987760986e-01 
9.999986276624e-01 
9.999984681977e-01 
9.999983016550e-01 
9.999981544041e-01 
9.999979718479e-01 
9.999980198226e-01 
9.999976850404e-01 
9.999976427060e-01 
9.999975123743e-01 
9.999973658629e-01 
9.999970260129e-01 
9.999968485162e-01 
9.999966643812e-01 
9.999964812644e-01 
9.999962274838e-01 
9.999961720689e-01 
9.999958536894e-01 
9.999957470701e-01 
9.999955470390e-01 
9.999953049073e-01 
9.999950728589e-01 
9.999948701356e-01 
9.999947312587e-01 
9.999943862448e-01 
9.999941992984e-01 
9.999939954429e-01 
9.999936828559e-01 
9.999934808350e-01 
9.999932739351e-01 
9.999929318471e-01 
9.999927581360e-01 
9.999924083016e-01 
9.999922116247e-01 
9.999920103310e-01 
9.999917303294e-01 
9.999913671822e-01 
9.999912584600e-01 
9.999909270497e-01 
