1.481599387060e+04 
3.499718752644e+04 
3.038009573029e+04 
2.406151163778e+04 
2.081591708034e+04 
1.677530942034e+04 
1.375059108288e+04 
1.205192548670e+04 
1.195012913619e+04 
1.144737309085e+04 
1.145835031986e+04 
1.111370417285e+04 
1.106941193580e+04 
1.077145285901e+04 
1.081495211583e+04 
1.046048165194e+04 
1.043647712481e+04 
1.014984148861e+04 
1.023357349750e+04 
1.000950302265e+04 
9.893042328126e+03 
9.764964286317e+03 
9.671270509765e+03 
9.676109652273e+03 
9.547775356166e+03 
9.258111758933e+03 
9.502606820904e+03 
9.287622251269e+03 
9.100385530218e+03 
9.095120136469e+03 
8.208757835849e+03 
8.705607871709e+03 
8.725974619079e+03 
8.639453086445e+03 
8.313469337242e+03 
6.971198504696e+03 
7.635848685018e+03 
7.873449387345e+03 
7.405079556182e+03 
7.313654367496e+03 
6.970697785077e+03 
7.633574765243e+03 
5.684049371430e+03 
5.637507930559e+03 
6.367278240442e+03 
5.933373045062e+03 
7.099340164532e+03 
6.663085886310e+03 
5.500339692519e+03 
6.037590339572e+03 
4.591338708451e+03 
5.245995070216e+03 
5.504627887034e+03 
4.700559881522e+03 
6.000121799291e+03 
4.109100092429e+03 
4.042082942953e+03 
4.766869672762e+03 
4.704980960206e+03 
3.612148369034e+03 
4.082894619912e+03 
3.601100457354e+03 
3.742027647497e+03 
3.242560438095e+03 
3.448755948360e+03 
3.987083754162e+03 
4.094209694459e+03 
2.873403649693e+03 
2.885941534772e+03 
2.949774494065e+03 
2.985429377863e+03 
3.633250341929e+03 
3.407756487780e+03 
3.162097662177e+03 
3.387664580706e+03 
3.222918208103e+03 
2.783709499074e+03 
3.277743350854e+03 
3.118513934110e+03 
2.680725236626e+03 
2.906722313797e+03 
2.744375205480e+03 
2.294553702198e+03 
2.379089595762e+03 
2.267842430426e+03 
2.314076715784e+03 
3.472122402092e+03 
2.099448604639e+03 
2.064938794587e+03 
2.247546195668e+03 
2.023734746562e+03 
2.405328055640e+03 
1.878061738425e+03 
1.826565669733e+03 
1.915427051762e+03 
1.910962044486e+03 
1.910190987491e+03 
2.201487353350e+03 
1.874196198546e+03 
1.648356200544e+03 
2.213019458106e+03 
1.820341722397e+03 
1.641902547373e+03 
2.061940404475e+03 
2.486603530044e+03 
1.681350736331e+03 
1.727495982933e+03 
2.102159774973e+03 
1.978352243034e+03 
1.615197296596e+03 
1.955886373701e+03 
1.827636926856e+03 
1.519969589312e+03 
1.861841809969e+03 
1.718343461241e+03 
1.403644842176e+03 
1.806284587316e+03 
1.668561819798e+03 
1.334317062315e+03 
1.696660329922e+03 
1.620966818815e+03 
1.308842959955e+03 
1.569763964346e+03 
1.473140974638e+03 
1.211534090244e+03 
1.433325308935e+03 
1.486813094539e+03 
1.512796684190e+03 
1.334388888531e+03 
1.299576519057e+03 
1.392386707914e+03 
1.231681684566e+03 
1.251914725085e+03 
1.290737213894e+03 
1.189847741862e+03 
1.195856697491e+03 
1.249401000561e+03 
1.374264340664e+03 
1.179111790549e+03 
1.180416403567e+03 
1.301944533253e+03 
1.055897912799e+03 
1.101209883453e+03 
1.207435454700e+03 
9.745429782138e+02 
1.038704778848e+03 
1.131698487366e+03 
1.068800333063e+03 
9.182965983395e+02 
1.047673433485e+03 
9.896403568436e+02 
8.766063833338e+02 
9.624992936654e+02 
9.659448080182e+02 
1.127481434568e+03 
9.432593357747e+02 
8.819382355309e+02 
1.094903099795e+03 
8.600929425690e+02 
8.605727625791e+02 
8.383075270009e+02 
8.527670108701e+02 
8.147508255365e+02 
1.057913344191e+03 
1.316340004414e+03 
7.603771975278e+02 
9.990238379287e+02 
1.237455220787e+03 
7.174590599679e+02 
9.370910907661e+02 
1.146970903906e+03 
7.494802360932e+02 
9.093176458964e+02 
1.160280964891e+03 
7.390289111439e+02 
8.460339624823e+02 
1.042760407413e+03 
9.915148990934e+02 
7.973878155546e+02 
1.056784920100e+03 
9.272962953073e+02 
7.484721361713e+02 
9.863440829621e+02 
9.191293046958e+02 
7.258535956666e+02 
9.219543386098e+02 
8.916454934954e+02 
6.806583506485e+02 
8.631043019481e+02 
8.364931459231e+02 
8.978622209192e+02 
8.366316955431e+02 
7.834309878157e+02 
8.832147592223e+02 
7.856232944449e+02 
7.426436716556e+02 
8.217137027328e+02 
7.368859740052e+02 
6.975878807725e+02 
8.099763928249e+02 
7.031703455518e+02 
6.802016072016e+02 
7.636275342183e+02 
6.912038739232e+02 
6.452658706120e+02 
7.193188119616e+02 
6.727432688225e+02 
6.619913028963e+02 
6.825059698813e+02 
7.957722135947e+02 
6.468998527405e+02 
6.611919223640e+02 
7.486494931470e+02 
6.276556189739e+02 
6.231759531059e+02 
7.096422179289e+02 
5.925987800849e+02 
6.081599042164e+02 
6.907992803892e+02 
5.612780680150e+02 
5.908840326030e+02 
6.715321675593e+02 
5.506057260279e+02 
5.679873682144e+02 
6.442614408455e+02 
5.292498001914e+02 
5.414333684653e+02 
6.254544303727e+02 
5.148788609134e+02 
5.261914084957e+02 
5.961021818868e+02 
5.772191946993e+02 
4.995176856832e+02 
5.641576506208e+02 
5.505107830172e+02 
4.726165016831e+02 
5.356448497981e+02 
5.227558860272e+02 
4.665494676801e+02 
5.252425377346e+02 
5.123288514511e+02 
4.460243387707e+02 
4.993633338819e+02 
4.881212012440e+02 
4.217438585479e+02 
4.722178376982e+02 
4.631756375864e+02 
4.591541804470e+02 
4.520678443280e+02 
4.568038883567e+02 
4.519490513858e+02 
4.465852821798e+02 
4.376398475253e+02 
4.300159648117e+02 
4.247650459646e+02 
4.158538157126e+02 
4.110498590481e+02 
6.922672126446e+02 
3.971678711008e+02 
5.373027394690e+02 
6.784050400204e+02 
3.919281022021e+02 
5.271620988356e+02 
6.467063553688e+02 
3.721872347337e+02 
5.038913180930e+02 
4.024644467164e+02 
3.553706047965e+02 
4.930037726135e+02 
6.091504738884e+02 
3.516091488680e+02 
4.693503942709e+02 
6.245276180283e+02 
3.384356695619e+02 
4.492567667449e+02 
5.959007702812e+02 
5.399995174813e+02 
4.313104861081e+02 
5.844921099575e+02 
5.262923009208e+02 
4.262311764589e+02 
5.600159147000e+02 
5.041566669649e+02 
4.079150414028e+02 
5.372409956801e+02 
3.164960569696e+02 
3.985508224118e+02 
5.149880617458e+02 
4.765517174471e+02 
3.831531852546e+02 
5.007888601323e+02 
4.884632217416e+02 
3.673546333727e+02 
4.807577786664e+02 
4.688344904337e+02 
3.530883264242e+02 
4.747849385189e+02 
4.564698638980e+02 
3.495899870158e+02 
4.553217465442e+02 
4.390200068028e+02 
3.777702673597e+02 
4.376037827316e+02 
4.221529034833e+02 
3.685102952519e+02 
4.220351132832e+02 
4.169041390280e+02 
3.550694303658e+02 
4.170552962970e+02 
4.012175195951e+02 
3.240726487679e+02 
4.017498512589e+02 
3.864174383901e+02 
4.391212123386e+02 
3.915325553136e+02 
3.733293751716e+02 
4.336179694425e+02 
3.772039875933e+02 
3.697841868535e+02 
4.177000403588e+02 
3.636727275711e+02 
3.513323168502e+02 
4.038977464536e+02 
3.507486274932e+02 
3.479831132849e+02 
3.894417035516e+02 
3.473163971250e+02 
3.358258325673e+02 
3.798161198023e+02 
3.354970565905e+02 
3.242619027141e+02 
3.665752230567e+02 
4.136392107547e+02 
3.132162175401e+02 
3.626886759304e+02 
3.273734957695e+02 
3.108619970189e+02 
3.502802885067e+02 
3.196653682018e+02 
3.012719015347e+02 
3.387759013881e+02 
3.904783475171e+02 
2.913374209692e+02 
3.275058195233e+02 
3.063525586463e+02 
3.094479994171e+02 
3.167357454286e+02 
3.732136839471e+02 
2.994678683634e+02 
3.144956225073e+02 
3.608416152977e+02 
2.899002944179e+02 
3.044198941387e+02 
3.490072125760e+02 
2.908992618656e+02 
2.974918576154e+02 
3.384230675084e+02 
2.785779525060e+02 
2.881191894530e+02 
3.276695982442e+02 
2.793581001489e+02 
2.793414661303e+02 
3.173010690061e+02 
2.708006663439e+02 
2.707881428744e+02 
3.100008844402e+02 
2.631359502874e+02 
2.626281170813e+02 
3.069998495577e+02 
2.552412285504e+02 
2.547570990453e+02 
2.987406223011e+02 
2.946398364402e+02 
2.526667731645e+02 
2.896819962561e+02 
2.880930451318e+02 
2.457586548040e+02 
2.810120790817e+02 
2.795658228969e+02 
2.458170335152e+02 
2.726931474567e+02 
2.713641238314e+02 
2.387740891593e+02 
2.652323018932e+02 
2.687131920698e+02 
2.319919307823e+02 
2.577558469770e+02 
2.609511573165e+02 
2.272954712884e+02 
2.552902736170e+02 
2.535215656258e+02 
2.209725104797e+02 
2.480344517639e+02 
2.465440423076e+02 
2.149093794772e+02 
2.470088213967e+02 
2.401195278307e+02 
2.091064401350e+02 
2.419131588347e+02 
2.334987424440e+02 
2.075951342090e+02 
2.352790493944e+02 
2.322393841448e+02 
2.020566159495e+02 
2.288719345396e+02 
2.251133456222e+02 
2.245085967820e+02 
2.227036120655e+02 
2.239162331084e+02 
2.185314378781e+02 
2.169016164548e+02 
2.195027660688e+02 
2.128124798917e+02 
2.111903960973e+02 
2.137456603186e+02 
2.115036124395e+02 
2.097115242855e+02 
2.082946812035e+02 
2.060389828906e+02 
2.043003848883e+02 
2.029416471013e+02 
2.042323105151e+02 
1.990742478492e+02 
1.978223199824e+02 
2.004912851760e+02 
3.302861579307e+02 
1.931757250139e+02 
1.954897680299e+02 
3.262882280391e+02 
1.915660494857e+02 
1.906342235155e+02 
3.176978206551e+02 
1.868383336289e+02 
1.859591027582e+02 
3.135942208896e+02 
1.822885137694e+02 
1.848453916119e+02 
3.069731835636e+02 
1.811155118156e+02 
2.439992029784e+02 
2.989786455555e+02 
1.767698408676e+02 
2.379307546346e+02 
2.920705902909e+02 
1.725738469638e+02 
2.320964270905e+02 
1.873773870569e+02 
1.685352543649e+02 
2.265402249126e+02 
1.832316435014e+02 
1.646227221992e+02 
2.210909862381e+02 
2.928066619856e+02 
1.618306513552e+02 
2.158063650202e+02 
2.855721717111e+02 
1.581763095124e+02 
2.107114232593e+02 
2.784792093800e+02 
2.546946293548e+02 
2.058068769263e+02 
2.716373641591e+02 
2.485197240442e+02 
2.010539688015e+02 
2.650276859459e+02 
2.426503645905e+02 
1.974985917354e+02 
2.586815681832e+02 
2.368839235370e+02 
1.930255219623e+02 
2.525135254727e+02 
2.313420078545e+02 
1.890232497132e+02 
2.465415853693e+02 
1.499181598847e+02 
1.848431692216e+02 
2.407665870749e+02 
2.352922193414e+02 
1.807980868819e+02 
2.351848628929e+02 
2.298479133586e+02 
1.768604820711e+02 
2.309083879826e+02 
2.245886470565e+02 
1.730517988764e+02 
2.259363180595e+02 
2.194928073375e+02 
1.693716128712e+02 
2.208429500853e+02 
2.146591786597e+02 
1.848652704151e+02 
2.159147874507e+02 
2.098823333097e+02 
1.808860906338e+02 
2.111359771598e+02 
2.052613551354e+02 
1.770466090491e+02 
2.065098144777e+02 
2.010120174271e+02 
1.733731786140e+02 
2.020227652336e+02 
1.975308668605e+02 
1.615647275679e+02 
1.976993012594e+02 
1.932851394374e+02 
1.582872264433e+02 
1.934784316054e+02 
1.891928230047e+02 
1.718594008500e+02 
1.894408943455e+02 
1.851977806864e+02 
1.685236255256e+02 
1.854655057029e+02 
1.813279857970e+02 
2.087633194660e+02 
1.816251142978e+02 
1.776331615274e+02 
2.052338824569e+02 
1.778934772955e+02 
1.740013429814e+02 
2.009946279362e+02 
1.742879374420e+02 
1.704654344523e+02 
1.968754067569e+02 
1.709563263065e+02 
1.670304762692e+02 
1.929357661615e+02 
2.143458106120e+02 
1.637103764145e+02 
1.890446676104e+02 
1.714296850202e+02 
1.604705089823e+02 
1.852883015869e+02 
1.680338920064e+02 
1.573303876238e+02 
1.816288661828e+02 
1.654462258202e+02 
1.544397763932e+02 
1.780790155617e+02 
1.622390919451e+02 
1.514635144539e+02 
1.746237374626e+02 
1.591107328610e+02 
1.485668445461e+02 
1.712595651135e+02 
1.977524130564e+02 
1.458127008563e+02 
1.679829811102e+02 
1.938136527062e+02 
1.430731035199e+02 
1.648031639970e+02 
1.899919314023e+02 
1.404133699640e+02 
1.618924346801e+02 
1.862848899362e+02 
1.383727594017e+02 
1.589352647434e+02 
1.826849320986e+02 
1.358448497376e+02 
1.560156016078e+02 
1.791908766307e+02 
1.457775294830e+02 
1.531684783157e+02 
1.757725715063e+02 
1.358353040804e+02 
1.503963951195e+02 
1.726409890918e+02 
1.455632343695e+02 
1.476942931064e+02 
1.693997957944e+02 
1.429397488726e+02 
1.450651030417e+02 
1.662467286173e+02 
1.403885058533e+02 
1.430299936581e+02 
1.631797885022e+02 
1.379479329119e+02 
1.405320870448e+02 
1.601942868110e+02 
1.355285159664e+02 
1.381043082182e+02 
1.572986121669e+02 
1.332926733589e+02 
1.357314390390e+02 
1.551625654882e+02 
1.309909639132e+02 
1.334521868620e+02 
1.523844675437e+02 
1.417422432592e+02 
1.311933506544e+02 
1.496776481769e+02 
1.392567404324e+02 
1.289932691783e+02 
1.475238266687e+02 
1.368369543054e+02 
1.306526996957e+02 
1.449864485842e+02 
1.344818473255e+02 
1.286040590641e+02 
1.424821856319e+02 
1.321837196095e+02 
1.264950064325e+02 
1.400464302290e+02 
1.407016704392e+02 
1.244336177546e+02 
1.376558480360e+02 
1.383434009323e+02 
1.224182838366e+02 
1.353206901778e+02 
1.360174988991e+02 
1.204547485079e+02 
1.331521699688e+02 
1.337400078665e+02 
1.185355547171e+02 
1.309335432593e+02 
1.319313980390e+02 
1.167028005344e+02 
1.287677207008e+02 
1.297652843911e+02 
1.168103211497e+02 
1.286781912133e+02 
1.297162100800e+02 
1.149914180659e+02 
1.265830395729e+02 
1.275381655734e+02 
1.131500980155e+02 
1.245275022907e+02 
1.255786486450e+02 
1.114161014309e+02 
1.225496796372e+02 
1.235727875359e+02 
1.097220402436e+02 
1.205141617122e+02 
1.216068233067e+02 
1.084014211777e+02 
1.185986748163e+02 
1.196836790664e+02 
1.067845351551e+02 
1.167265375898e+02 
1.177602385861e+02 
1.052003898402e+02 
1.176433268070e+02 
1.159275998397e+02 
1.037338964711e+02 
1.158064141442e+02 
1.141378110271e+02 
1.164201361593e+02 
1.140170893666e+02 
1.123896281733e+02 
1.146232516264e+02 
1.112588483587e+02 
1.123801434963e+02 
1.129166702813e+02 
1.121256171395e+02 
1.106352964862e+02 
1.129132033522e+02 
1.107331208363e+02 
1.089731575877e+02 
1.112508080322e+02 
1.091421144724e+02 
1.073481808838e+02 
1.095790760766e+02 
1.075250178502e+02 
1.056889759053e+02 
1.079901127326e+02 
1.059194960099e+02 
1.040778057188e+02 
1.064338075617e+02 
1.043021452009e+02 
1.025570764846e+02 
1.049126796237e+02 
1.027652653744e+02 
1.010906221296e+02 
1.034229964280e+02 
1.012618945911e+02 
9.970709837556e+01 
1.018444970395e+02 
9.979344655163e+01 
9.828854725593e+01 
1.018563817484e+02 
9.835511173520e+01 
9.716048598242e+01 
1.004379201317e+02 
9.831789169506e+01 
9.717166094330e+01 
9.903149309503e+01 
9.599635215874e+01 
8.212959893792e+01 
6.669687872445e+01 
4.890430778929e+01 
4.145142857000e+01 
3.691821997356e+01 
2.896343807462e+01 
2.665995100805e+01 
2.544065208432e+01 
2.451884363175e+01 
2.306125668455e+01 
2.242288305487e+01 
2.194071103792e+01 
2.087333333542e+01 
2.059484226811e+01 
2.022600024695e+01 
2.004863188486e+01 
1.983487492248e+01 
1.952187333372e+01 
1.932826628238e+01 
1.920524742779e+01 
1.894515246981e+01 
1.922252797852e+01 
1.864353683085e+01 
1.884790020626e+01 
1.866061664402e+01 
1.855912517177e+01 
1.831271392972e+01 
1.813172387271e+01 
1.803217915579e+01 
1.779368796322e+01 
1.761542449039e+01 
1.752341710573e+01 
1.728485846649e+01 
1.711118112560e+01 
1.696024175979e+01 
1.686728194007e+01 
1.662161436247e+01 
1.647628346414e+01 
1.638806675013e+01 
1.617180584618e+01 
1.601178273062e+01 
1.592881680183e+01 
1.572204470068e+01 
1.557002630606e+01 
1.512506357487e+01 
1.493081207499e+01 
1.479576800709e+01 
1.437663060467e+01 
1.420026600815e+01 
1.408171985738e+01 
1.398099152912e+01 
1.353064019624e+01 
1.342793271854e+01 
1.334394804922e+01 
1.292476616329e+01 
1.284888108538e+01 
1.276360747804e+01 
1.269458620203e+01 
1.256558170174e+01 
1.248774129970e+01 
1.242633978926e+01 
1.230510829708e+01 
1.223452505531e+01 
1.218100062824e+01 
1.206623789945e+01 
1.200228847160e+01 
1.195501847932e+01 
1.185187683617e+01 
1.178943490097e+01 
1.174791246894e+01 
1.165263881211e+01 
1.160898813972e+01 
1.155810930572e+01 
1.146877537376e+01 
1.143064834937e+01 
1.138415575947e+01 
1.130021491688e+01 
1.126657683711e+01 
1.122511621584e+01 
1.119804793459e+01 
1.112104714481e+01 
1.107860748963e+01 
1.105538678938e+01 
1.098264993437e+01 
1.094391063023e+01 
1.092443847015e+01 
1.085542959325e+01 
1.083435004889e+01 
1.080354719098e+01 
1.073809052161e+01 
1.072369398514e+01 
1.069203034083e+01 
1.063025144939e+01 
1.061800817507e+01 
1.058915191663e+01 
1.057810538374e+01 
1.056745086935e+01 
1.054063725157e+01 
1.052971411180e+01 
1.052004525013e+01 
1.049444083334e+01 
1.048460816042e+01 
1.047599864433e+01 
1.046752504956e+01 
1.044351726684e+01 
1.043483405909e+01 
1.042736361019e+01 
1.040452052079e+01 
1.039633949133e+01 
1.038967064980e+01 
1.036777975543e+01 
1.036034421431e+01 
1.035441782877e+01 
1.033681140156e+01 
1.032796437372e+01 
1.032140208688e+01 
1.030450972317e+01 
1.029644402738e+01 
1.029041553814e+01 
1.028587226202e+01 
1.026674978203e+01 
1.026266981526e+01 
1.025731884402e+01 
1.023888630364e+01 
1.023527534406e+01 
1.023084945794e+01 
1.021581040993e+01 
1.020954728772e+01 
1.020559140207e+01 
1.019116041949e+01 
1.018525169999e+01 
1.018267101719e+01 
1.017921992752e+01 
1.017333041654e+01 
1.017086004014e+01 
1.016760193200e+01 
1.016504549708e+01 
1.015978952996e+01 
1.015752177886e+01 
1.015452873801e+01 
1.014917241132e+01 
1.014720465384e+01 
1.014425985337e+01 
1.013910830234e+01 
1.013730890402e+01 
1.013464382114e+01 
1.012985441754e+01 
1.012789259645e+01 
1.012627046158e+01 
1.012381289963e+01 
1.011924550044e+01 
1.011745975967e+01 
1.011514354807e+01 
1.011083198013e+01 
1.010911324386e+01 
1.010775344952e+01 
1.010271303320e+01 
1.010139211785e+01 
1.009991705575e+01 
1.009788694594e+01 
1.009387276318e+01 
1.009240899682e+01 
1.009049299058e+01 
1.008664073506e+01 
1.008561208539e+01 
1.008428619136e+01 
1.007970578816e+01 
1.007880321341e+01 
1.007791936023e+01 
1.007309079287e+01 
1.007228442885e+01 
1.007147931099e+01 
1.007044188336e+01 
1.006603625976e+01 
1.006532713316e+01 
1.006462911960e+01 
1.006018177278e+01 
1.005943721751e+01 
1.005881602277e+01 
1.005715538146e+01 
1.005656196071e+01 
1.005588538804e+01 
1.005528270226e+01 
1.005368966449e+01 
1.005314356276e+01 
1.005252392632e+01 
1.005118270469e+01 
1.005041560965e+01 
1.004982842813e+01 
1.004933214260e+01 
1.004780799578e+01 
1.004733494811e+01 
1.004677414696e+01 
1.004555514152e+01 
1.004487380032e+01 
1.004440975229e+01 
1.004389942995e+01 
1.004248123706e+01 
1.004206939498e+01 
1.004163964190e+01 
1.004042137443e+01 
1.003980615814e+01 
1.003942009575e+01 
1.003828238087e+01 
1.003760968643e+01 
1.003725922402e+01 
1.003691349493e+01 
1.003583400124e+01 
1.003517377022e+01 
1.003485142943e+01 
1.003380543673e+01 
1.003349706288e+01 
1.003285770596e+01 
1.003256155739e+01 
1.003155689176e+01 
1.003105131456e+01 
1.003067475145e+01 
1.002968060148e+01 
1.002941936143e+01 
1.002886580123e+01 
1.002790923702e+01 
1.002764097899e+01 
1.002717305228e+01 
1.002686207539e+01 
1.002593804170e+01 
1.002569041032e+01 
1.002525611462e+01 
1.002426983107e+01 
1.002406582795e+01 
1.002362029386e+01 
1.002342303375e+01 
1.002247877682e+01 
1.002228379673e+01 
1.002188813001e+01 
1.002100917682e+01 
1.002076326221e+01 
1.002059525396e+01 
1.002021091052e+01 
1.001935952831e+01 
1.001913643651e+01 
1.001877701624e+01 
1.001862485756e+01 
1.001844378810e+01 
1.001822903974e+01 
1.001788136143e+01 
1.001774173888e+01 
1.001753578762e+01 
1.001715924394e+01 
1.001702642970e+01 
1.001689508497e+01 
1.001669659020e+01 
1.001634320816e+01 
1.001620928939e+01 
1.001608214587e+01 
1.001589371894e+01 
1.001555156017e+01 
1.001543407226e+01 
1.001530902503e+01 
1.001493000019e+01 
1.001479152982e+01 
1.001468109603e+01 
1.001457183693e+01 
1.001419521155e+01 
1.001409019261e+01 
1.001396349112e+01 
1.001366242203e+01 
1.001349842938e+01 
1.001339119718e+01 
1.001327105264e+01 
1.001292017951e+01 
1.001282655021e+01 
1.001273049028e+01 
1.001241825752e+01 
1.001226430547e+01 
1.001217645978e+01 
1.001208950736e+01 
1.001179406262e+01 
1.001163678426e+01 
1.001155440430e+01 
1.001147285139e+01 
1.001120722021e+01 
1.001104436854e+01 
1.001095895128e+01 
1.001069535820e+01 
1.001062046391e+01 
1.001046494353e+01 
1.001039259783e+01 
1.001013142873e+01 
1.001006053598e+01 
1.000990746058e+01 
1.000965926908e+01 
1.000959358927e+01 
1.000946113747e+01 
1.000937556590e+01 
1.000913410333e+01 
1.000906960002e+01 
1.000894873005e+01 
1.000888111042e+01 
1.000862539355e+01 
1.000856815428e+01 
1.000845335159e+01 
1.000821951380e+01 
1.000813688215e+01 
1.000808225311e+01 
1.000797199311e+01 
1.000774730307e+01 
1.000766928537e+01 
1.000761661615e+01 
1.000733891819e+01 
1.000729181530e+01 
1.000722391178e+01 
1.000716971733e+01 
1.000689833441e+01 
