10.000000 6.493048596992e-11 
20.000000 4.868685678055e-11 
30.000000 7.402072912956e-11 
40.000000 1.156811926321e-10 
50.000000 1.633946456174e-10 
60.000000 2.369984504534e-10 
70.000000 3.319022109651e-10 
80.000000 4.346944477735e-10 
90.000000 5.132999759440e-10 
100.000000 6.140579654907e-10 
110.000000 7.044268036445e-10 
120.000000 8.192941729912e-10 
130.000000 9.275655064750e-10 
140.000000 1.060479279686e-09 
150.000000 1.178170962856e-09 
160.000000 1.337016257947e-09 
170.000000 1.476487260226e-09 
180.000000 1.653057932451e-09 
190.000000 1.796171300783e-09 
200.000000 1.986939290003e-09 
210.000000 2.174051231286e-09 
220.000000 2.373407711697e-09 
230.000000 2.577134309963e-09 
240.000000 2.770581211903e-09 
250.000000 3.000406375405e-09 
260.000000 3.282016471555e-09 
270.000000 3.440117347823e-09 
280.000000 3.725773301199e-09 
290.000000 4.019987272480e-09 
300.000000 4.269067945175e-09 
310.000000 4.864141302760e-09 
320.000000 4.936849566154e-09 
330.000000 5.206313508354e-09 
340.000000 5.530391423492e-09 
350.000000 5.985734818065e-09 
360.000000 7.124809177938e-09 
370.000000 7.023273435525e-09 
380.000000 7.213099738043e-09 
390.000000 7.893220551904e-09 
400.000000 8.336832104825e-09 
410.000000 9.017806916957e-09 
420.000000 8.842584656505e-09 
430.000000 1.133348777854e-08 
440.000000 1.188812507678e-08 
450.000000 1.138789702075e-08 
460.000000 1.245177562650e-08 
470.000000 1.143592615210e-08 
480.000000 1.242646750096e-08 
490.000000 1.474197547329e-08 
500.000000 1.434987123517e-08 
510.000000 1.796761611850e-08 
520.000000 1.700286151232e-08 
530.000000 1.704205824181e-08 
540.000000 1.966321189631e-08 
550.000000 1.720432301264e-08 
560.000000 2.305920803176e-08 
570.000000 2.410145483397e-08 
580.000000 2.225501990156e-08 
590.000000 2.318479005694e-08 
600.000000 2.862520282470e-08 
610.000000 2.718036959617e-08 
620.000000 3.050522379509e-08 
630.000000 3.063321694121e-08 
640.000000 3.474722126380e-08 
650.000000 3.432598854523e-08 
660.000000 3.203433667749e-08 
670.000000 3.236940089603e-08 
680.000000 4.223473965145e-08 
690.000000 4.329027964694e-08 
700.000000 4.383981310525e-08 
710.000000 4.467289264617e-08 
720.000000 4.020871296264e-08 
730.000000 4.309281400278e-08 
740.000000 4.649572782273e-08 
750.000000 4.554128487872e-08 
760.000000 4.829053678109e-08 
770.000000 5.459612828020e-08 
780.000000 5.016485651077e-08 
790.000000 5.313994194942e-08 
800.000000 6.020706283528e-08 
810.000000 5.841394334072e-08 
820.000000 6.213114034004e-08 
830.000000 7.159744809305e-08 
840.000000 7.152198106449e-08 
850.000000 7.550930097526e-08 
860.000000 7.619350620438e-08 
870.000000 5.943746238129e-08 
880.000000 8.489635455446e-08 
890.000000 8.770357609818e-08 
900.000000 8.473478942538e-08 
910.000000 9.273804030341e-08 
920.000000 8.450426399822e-08 
930.000000 1.015432287663e-07 
940.000000 1.055531066197e-07 
950.000000 1.044174588252e-07 
960.000000 1.067013023179e-07 
970.000000 1.088753908634e-07 
980.000000 1.011476805494e-07 
990.000000 1.146521019556e-07 
1000.000000 1.271255596354e-07 
1010.000000 1.068181807997e-07 
1020.000000 1.237713275726e-07 
1030.000000 1.349126389987e-07 
1040.000000 1.183991106588e-07 
1050.000000 1.065766924527e-07 
1060.000000 1.403948923333e-07 
1070.000000 1.404547162429e-07 
1080.000000 1.257267758941e-07 
1090.000000 1.331934938392e-07 
1100.000000 1.547951442424e-07 
1110.000000 1.389902738907e-07 
1120.000000 1.478480975530e-07 
1130.000000 1.696330886730e-07 
1140.000000 1.511459772974e-07 
1150.000000 1.620005934445e-07 
1160.000000 1.879181207489e-07 
1170.000000 1.621171117196e-07 
1180.000000 1.735756890999e-07 
1190.000000 2.040248822252e-07 
1200.000000 1.773727442660e-07 
1210.000000 1.856939863625e-07 
1220.000000 2.167928152003e-07 
1230.000000 1.957379974518e-07 
1240.000000 2.072218451459e-07 
1250.000000 2.388798924740e-07 
1260.000000 2.175899237023e-07 
1270.000000 2.157573393133e-07 
1280.000000 2.166129264227e-07 
1290.000000 2.385644580263e-07 
1300.000000 2.463470589361e-07 
1310.000000 2.391157010981e-07 
1320.000000 2.627170110868e-07 
1330.000000 2.638069036788e-07 
1340.000000 2.624429547583e-07 
1350.000000 2.806357311401e-07 
1360.000000 2.837684178175e-07 
1370.000000 2.798147389210e-07 
1380.000000 2.668367654073e-07 
1390.000000 2.987776940029e-07 
1400.000000 3.027594808357e-07 
1410.000000 2.881550719709e-07 
1420.000000 3.343947715851e-07 
1430.000000 3.299590539499e-07 
1440.000000 3.151969902383e-07 
1450.000000 3.666904920577e-07 
1460.000000 3.567353744021e-07 
1470.000000 3.421154480430e-07 
1480.000000 3.596615142720e-07 
1490.000000 4.016794636144e-07 
1500.000000 3.739705475736e-07 
1510.000000 3.929667471439e-07 
1520.000000 4.302071894895e-07 
1530.000000 4.104430074101e-07 
1540.000000 4.147455700978e-07 
1550.000000 3.802977202533e-07 
1560.000000 4.318551148501e-07 
1570.000000 4.564999073638e-07 
1580.000000 4.023306823208e-07 
1590.000000 4.754928921890e-07 
1600.000000 4.811847593119e-07 
1610.000000 4.953051660877e-07 
1620.000000 4.958941066034e-07 
1630.000000 5.167239560082e-07 
1640.000000 4.424158651676e-07 
1650.000000 3.888476565191e-07 
1660.000000 5.595892539762e-07 
1670.000000 4.755626408124e-07 
1680.000000 4.192233004427e-07 
1690.000000 6.013794643935e-07 
1700.000000 5.130534909733e-07 
1710.000000 4.557965011042e-07 
1720.000000 6.054134666408e-07 
1730.000000 5.412632370730e-07 
1740.000000 4.681010891463e-07 
1750.000000 6.318998331626e-07 
1760.000000 5.862293675503e-07 
1770.000000 5.184864784587e-07 
1780.000000 5.414817888623e-07 
1790.000000 6.293173088126e-07 
1800.000000 5.312799426984e-07 
1810.000000 5.840599941548e-07 
1820.000000 6.769310145264e-07 
1830.000000 5.736455991901e-07 
1840.000000 6.066357710053e-07 
1850.000000 7.127876676040e-07 
1860.000000 6.184353164611e-07 
1870.000000 6.384920548895e-07 
1880.000000 7.663410656139e-07 
1890.000000 6.656788767374e-07 
1900.000000 6.862054188183e-07 
1910.000000 6.626532210686e-07 
1920.000000 7.003989301346e-07 
1930.000000 7.378700288803e-07 
1940.000000 6.904943766145e-07 
1950.000000 7.516408805820e-07 
1960.000000 7.869373192526e-07 
1970.000000 7.452294229001e-07 
1980.000000 8.068002562939e-07 
1990.000000 8.437319006515e-07 
2000.000000 7.748092557375e-07 
2010.000000 8.561598255218e-07 
2020.000000 8.829999794216e-07 
2030.000000 8.283954446193e-07 
2040.000000 8.911765690623e-07 
2050.000000 9.399457703810e-07 
2060.000000 8.857486885264e-07 
2070.000000 9.330914468087e-07 
2080.000000 9.516802037549e-07 
2090.000000 9.422928296465e-07 
2100.000000 8.626781790104e-07 
2110.000000 9.933605941739e-07 
2120.000000 9.888689850511e-07 
2130.000000 9.223329317114e-07 
2140.000000 1.041160836692e-06 
2150.000000 1.055567143705e-06 
2160.000000 9.809754032974e-07 
2170.000000 1.109836803472e-06 
2180.000000 1.101738816250e-06 
2190.000000 1.025452640537e-06 
2200.000000 1.180187858380e-06 
2210.000000 1.152732969883e-06 
2220.000000 1.072490502531e-06 
2230.000000 1.227003830081e-06 
2240.000000 1.213837064615e-06 
2250.000000 1.130688566528e-06 
2260.000000 1.291730311959e-06 
2270.000000 1.284481090433e-06 
2280.000000 1.182716617034e-06 
2290.000000 1.349116774484e-06 
2300.000000 1.342280505524e-06 
2310.000000 1.251238176300e-06 
2320.000000 1.287947960091e-06 
2330.000000 1.423106705694e-06 
2340.000000 1.329135205441e-06 
2350.000000 1.361314038476e-06 
2360.000000 1.511447149074e-06 
2370.000000 1.408523439443e-06 
2380.000000 1.442334038416e-06 
2390.000000 1.562449666193e-06 
2400.000000 1.462100482857e-06 
2410.000000 1.497545344710e-06 
2420.000000 1.647588324162e-06 
2430.000000 1.547125728338e-06 
2440.000000 1.582335172993e-06 
2450.000000 1.748847209689e-06 
2460.000000 1.642113904949e-06 
2470.000000 1.675673824334e-06 
2480.000000 1.698481601643e-06 
2490.000000 1.728960619160e-06 
2500.000000 1.731413279304e-06 
2510.000000 1.756986331368e-06 
2520.000000 1.784288333030e-06 
2530.000000 1.821429605355e-06 
2540.000000 1.856176385689e-06 
2550.000000 1.885253377231e-06 
2560.000000 1.925476486022e-06 
2570.000000 1.954700486040e-06 
2580.000000 1.417533947449e-06 
2590.000000 2.028348671298e-06 
2600.000000 1.690051311331e-06 
2610.000000 1.469292910887e-06 
2620.000000 2.092761972508e-06 
2630.000000 1.750036261605e-06 
2640.000000 1.549469502210e-06 
2650.000000 2.211262482836e-06 
2660.000000 1.841762368438e-06 
2670.000000 2.137302243800e-06 
2680.000000 2.327955536176e-06 
2690.000000 1.909595189542e-06 
2700.000000 1.683168075825e-06 
2710.000000 2.396169575715e-06 
2720.000000 2.013751789956e-06 
2730.000000 1.693771743847e-06 
2740.000000 2.508660120860e-06 
2750.000000 2.115827691748e-06 
2760.000000 1.783389219497e-06 
2770.000000 1.911711676986e-06 
2780.000000 2.218295949151e-06 
2790.000000 1.844751381038e-06 
2800.000000 1.985267878073e-06 
2810.000000 2.283331517704e-06 
2820.000000 1.936289449169e-06 
2830.000000 2.083749125647e-06 
2840.000000 2.397572776590e-06 
2850.000000 2.030281456824e-06 
2860.000000 2.850095836281e-06 
2870.000000 2.484573287605e-06 
2880.000000 2.129471781175e-06 
2890.000000 2.251719386403e-06 
2900.000000 2.600352015895e-06 
2910.000000 2.212845777344e-06 
2920.000000 2.263374682272e-06 
2930.000000 2.725550260021e-06 
2940.000000 2.317706704187e-06 
2950.000000 2.370735568897e-06 
2960.000000 2.851716019136e-06 
2970.000000 2.384151656708e-06 
2980.000000 2.460457810458e-06 
2990.000000 2.928292018056e-06 
3000.000000 2.497748346656e-06 
3010.000000 2.572817129676e-06 
3020.000000 2.846145074735e-06 
3030.000000 2.612642960114e-06 
3040.000000 2.690088513605e-06 
3050.000000 2.948843475841e-06 
3060.000000 2.726347585070e-06 
3070.000000 2.765481885372e-06 
3080.000000 3.078370809961e-06 
3090.000000 2.801306297216e-06 
3100.000000 2.888959997129e-06 
3110.000000 3.323687035397e-06 
3120.000000 2.924309341652e-06 
3130.000000 3.015962344317e-06 
3140.000000 2.801361857851e-06 
3150.000000 3.029899901804e-06 
3160.000000 3.141723302904e-06 
3170.000000 2.878408203843e-06 
3180.000000 3.161510744060e-06 
3190.000000 3.221500740337e-06 
3200.000000 3.003487457129e-06 
3210.000000 3.296710521879e-06 
3220.000000 3.390014078071e-06 
3230.000000 3.126011217984e-06 
3240.000000 3.436371792758e-06 
3250.000000 3.475088506936e-06 
3260.000000 3.258800520885e-06 
3270.000000 3.522814726984e-06 
3280.000000 3.620095602003e-06 
3290.000000 3.372449300996e-06 
3300.000000 3.667301739841e-06 
3310.000000 3.769326955728e-06 
3320.000000 3.512461414662e-06 
3330.000000 3.276227086561e-06 
3340.000000 3.923067366957e-06 
3350.000000 3.601233263987e-06 
3360.000000 3.862889263445e-06 
3370.000000 4.014030789155e-06 
3380.000000 3.748022388138e-06 
3390.000000 3.992511152064e-06 
3400.000000 4.167961119475e-06 
3410.000000 3.896762733158e-06 
3420.000000 3.586527150098e-06 
3430.000000 4.332995109051e-06 
3440.000000 4.051831829746e-06 
3450.000000 4.249483627370e-06 
3460.000000 4.247985999113e-06 
3470.000000 4.211492882369e-06 
3480.000000 3.823151561001e-06 
3490.000000 4.412991698908e-06 
3500.000000 4.305347234110e-06 
3510.000000 3.973915025185e-06 
3520.000000 4.582881831732e-06 
3530.000000 4.471251600165e-06 
3540.000000 4.129124839071e-06 
3550.000000 4.653348541214e-06 
3560.000000 4.615371893404e-06 
3570.000000 4.282973380586e-06 
3580.000000 4.863922406560e-06 
3590.000000 4.790339457765e-06 
3600.000000 4.446153190662e-06 
3610.000000 4.939536572329e-06 
3620.000000 4.967975390466e-06 
3630.000000 4.614562064606e-06 
3640.000000 5.122822292899e-06 
3650.000000 5.152087085825e-06 
3660.000000 4.762302343448e-06 
3670.000000 5.304344941132e-06 
3680.000000 5.340721619453e-06 
3690.000000 4.872836401815e-06 
3700.000000 5.497635018964e-06 
3710.000000 5.535029274657e-06 
3720.000000 5.040271172945e-06 
3730.000000 5.112201107714e-06 
3740.000000 5.656997219083e-06 
3750.000000 5.224183323386e-06 
3760.000000 5.271117418123e-06 
3770.000000 5.851510344081e-06 
3780.000000 5.412833984845e-06 
3790.000000 5.460115722800e-06 
3800.000000 5.947790452907e-06 
3810.000000 5.606497171237e-06 
3820.000000 5.654314591484e-06 
3830.000000 6.156190238911e-06 
3840.000000 5.798142387828e-06 
3850.000000 5.782507646096e-06 
3860.000000 6.370217267529e-06 
3870.000000 5.998897333067e-06 
3880.000000 5.985237216682e-06 
3890.000000 6.556892646165e-06 
3900.000000 6.133133512773e-06 
3910.000000 6.192793267197e-06 
3920.000000 6.780973846412e-06 
3930.000000 6.345210066434e-06 
3940.000000 6.403050107514e-06 
3950.000000 7.010358062473e-06 
3960.000000 6.464015774674e-06 
3970.000000 6.613618718643e-06 
3980.000000 7.244792625416e-06 
3990.000000 6.653197298547e-06 
4000.000000 6.837100744326e-06 
4010.000000 7.393583500366e-06 
4020.000000 6.876981322197e-06 
4030.000000 6.969178904236e-06 
4040.000000 7.637898610348e-06 
4050.000000 7.106781715646e-06 
4060.000000 7.217764100219e-06 
4070.000000 7.267564646616e-06 
4080.000000 7.342130624908e-06 
4090.000000 7.355477652667e-06 
4100.000000 7.506222589218e-06 
4110.000000 7.580276783736e-06 
4120.000000 7.563350818139e-06 
4130.000000 7.749845273647e-06 
4140.000000 7.826903725866e-06 
4150.000000 7.808753851143e-06 
4160.000000 7.900407870373e-06 
4170.000000 7.982985855327e-06 
4180.000000 8.057709351647e-06 
4190.000000 8.153815577420e-06 
4200.000000 8.238659670539e-06 
4210.000000 8.315029894683e-06 
4220.000000 8.324612426301e-06 
4230.000000 8.500670185251e-06 
4240.000000 8.577333818124e-06 
4250.000000 8.549543963173e-06 
4260.000000 6.298167605585e-06 
4270.000000 8.836547789256e-06 
4280.000000 8.815913603716e-06 
4290.000000 6.442216016697e-06 
4300.000000 9.016513997906e-06 
4310.000000 9.089260352284e-06 
4320.000000 6.649049610050e-06 
4330.000000 9.294706972595e-06 
4340.000000 9.368582244276e-06 
4350.000000 6.803686552917e-06 
4360.000000 9.578832502737e-06 
4370.000000 9.543975927032e-06 
4380.000000 6.997773198567e-06 
4390.000000 9.760414058069e-06 
4400.000000 8.153250111657e-06 
4410.000000 7.219067937786e-06 
4420.000000 1.005439946678e-05 
4430.000000 8.403939852916e-06 
4440.000000 7.432901055811e-06 
4450.000000 1.035490568910e-05 
4460.000000 8.659861177872e-06 
4470.000000 9.937156352603e-06 
4480.000000 1.066257319140e-05 
4490.000000 8.920636189680e-06 
4500.000000 1.022395780659e-05 
4510.000000 1.097746613611e-05 
4520.000000 9.189417788630e-06 
4530.000000 7.752742362774e-06 
4540.000000 1.125517787171e-05 
4550.000000 9.463687159814e-06 
4560.000000 7.988658454005e-06 
4570.000000 1.158024005294e-05 
4580.000000 9.743787059778e-06 
4590.000000 8.231979847695e-06 
4600.000000 8.743468728762e-06 
4610.000000 1.002811591726e-05 
4620.000000 8.479605271143e-06 
4630.000000 9.004256738234e-06 
4640.000000 1.031898840115e-05 
4650.000000 8.732883193588e-06 
4660.000000 9.268618460558e-06 
4670.000000 1.058146113813e-05 
4680.000000 8.991010079650e-06 
4690.000000 9.541122902772e-06 
4700.000000 1.088418124437e-05 
4710.000000 9.255696125790e-06 
4720.000000 9.818836742143e-06 
4730.000000 1.118145682296e-05 
4740.000000 9.526519130986e-06 
4750.000000 1.302507331306e-05 
4760.000000 1.149782501846e-05 
4770.000000 9.804650751385e-06 
4780.000000 9.991615127214e-06 
4790.000000 1.181915623710e-05 
4800.000000 1.008741571875e-05 
4810.000000 1.027928406708e-05 
4820.000000 1.214813025169e-05 
4830.000000 1.034501390873e-05 
4840.000000 1.057303108750e-05 
4850.000000 1.248379250223e-05 
4860.000000 1.063128217253e-05 
4870.000000 1.087338673572e-05 
4880.000000 1.282603087092e-05 
4890.000000 1.093203955728e-05 
4900.000000 1.117708581441e-05 
4910.000000 1.231759838013e-05 
4920.000000 1.123881487791e-05 
4930.000000 1.149008137659e-05 
4940.000000 1.265616869815e-05 
4950.000000 1.155242213445e-05 
4960.000000 1.180963072100e-05 
4970.000000 1.300111655247e-05 
4980.000000 1.187267635468e-05 
4990.000000 1.212752720338e-05 
5000.000000 1.335096932024e-05 
5010.000000 1.219996614002e-05 
5020.000000 1.242696054703e-05 
5030.000000 1.413644719190e-05 
5040.000000 1.253348047932e-05 
5050.000000 1.276725385854e-05 
5060.000000 1.451180863200e-05 
5070.000000 1.287529803694e-05 
5080.000000 1.311379749047e-05 
5090.000000 1.397992302604e-05 
5100.000000 1.322149457206e-05 
5110.000000 1.346834712210e-05 
5120.000000 1.434206380165e-05 
5130.000000 1.357761087795e-05 
5140.000000 1.383016121227e-05 
5150.000000 1.273062358863e-05 
5160.000000 1.393929840945e-05 
5170.000000 1.419544787247e-05 
5180.000000 1.303848763218e-05 
5190.000000 1.430875819314e-05 
5200.000000 1.457061399884e-05 
5210.000000 1.338511794145e-05 
5220.000000 1.468506017701e-05 
5230.000000 1.495414832577e-05 
5240.000000 1.373921968296e-05 
5250.000000 1.505994571346e-05 
5260.000000 1.534576183218e-05 
5270.000000 1.409804776046e-05 
5280.000000 1.326542253841e-05 
5290.000000 1.574310086974e-05 
5300.000000 1.446601831060e-05 
5310.000000 1.543620526458e-05 
5320.000000 1.615074186517e-05 
5330.000000 1.484163142994e-05 
5340.000000 1.583603396307e-05 
5350.000000 1.656630598962e-05 
5360.000000 1.522555513879e-05 
5370.000000 1.620091094739e-05 
5380.000000 1.697945215704e-05 
5390.000000 1.561708022391e-05 
5400.000000 1.661550393315e-05 
5410.000000 1.741246542215e-05 
5420.000000 1.601699151670e-05 
5430.000000 1.703935135859e-05 
5440.000000 1.785461457306e-05 
5450.000000 1.642548307699e-05 
5460.000000 1.509128984528e-05 
5470.000000 1.829916287925e-05 
5480.000000 1.684107076525e-05 
5490.000000 1.548111790611e-05 
5500.000000 1.875748359177e-05 
5510.000000 1.726474121430e-05 
5520.000000 1.587880982842e-05 
5530.000000 1.922465856631e-05 
5540.000000 1.768474606707e-05 
5550.000000 1.628439147058e-05 
5560.000000 1.965317987403e-05 
5570.000000 1.812163658868e-05 
5580.000000 1.669815998991e-05 
5590.000000 2.013816850520e-05 
5600.000000 1.857037144177e-05 
5610.000000 1.712014321326e-05 
5620.000000 1.953246621139e-05 
5630.000000 1.902775566820e-05 
5640.000000 1.755130636152e-05 
5650.000000 2.066852893306e-05 
5660.000000 1.949495965642e-05 
5670.000000 1.797941261688e-05 
5680.000000 2.006368541859e-05 
5690.000000 1.997095797031e-05 
5700.000000 1.842814429168e-05 
5710.000000 2.055416960338e-05 
5720.000000 2.045637375820e-05 
5730.000000 1.888608189567e-05 
5740.000000 2.105426761584e-05 
5750.000000 2.090401838014e-05 
5760.000000 1.935329744956e-05 
5770.000000 2.156017095705e-05 
5780.000000 2.140745635583e-05 
5790.000000 1.983013958899e-05 
5800.000000 2.208035616406e-05 
5810.000000 2.192042471166e-05 
5820.000000 2.031592190358e-05 
5830.000000 2.259834553891e-05 
5840.000000 2.244438234272e-05 
5850.000000 2.075496172839e-05 
5860.000000 2.313966302627e-05 
5870.000000 2.297526381201e-05 
5880.000000 2.126114786914e-05 
5890.000000 2.232781888107e-05 
5900.000000 2.351946689484e-05 
5910.000000 2.177662739233e-05 
5920.000000 2.286570238827e-05 
5930.000000 2.407431515292e-05 
5940.000000 2.225755067668e-05 
5950.000000 2.341429222414e-05 
5960.000000 2.419544683827e-05 
5970.000000 2.278893250948e-05 
5980.000000 2.397328304063e-05 
5990.000000 2.474927067903e-05 
6000.000000 2.333421868986e-05 
6010.000000 2.454391424695e-05 
6020.000000 2.532738788766e-05 
6030.000000 2.389009886890e-05 
6040.000000 2.392327073886e-05 
6050.000000 2.591633338850e-05 
6060.000000 2.445789659839e-05 
6070.000000 2.448721506709e-05 
6080.000000 2.651758178294e-05 
6090.000000 2.503778062895e-05 
6100.000000 2.506554002840e-05 
6110.000000 2.713043868643e-05 
6120.000000 2.561663588152e-05 
6130.000000 2.565672481034e-05 
6140.000000 2.775595591763e-05 
6150.000000 2.621968332108e-05 
6160.000000 2.620931185949e-05 
6170.000000 2.838787782489e-05 
6180.000000 2.683522316287e-05 
6190.000000 2.682271609851e-05 
6200.000000 2.874113575677e-05 
6210.000000 2.719607535820e-05 
6220.000000 2.717796099505e-05 
6230.000000 2.939754568294e-05 
6240.000000 2.783006394899e-05 
6250.000000 2.782059552129e-05 
6260.000000 3.007779061897e-05 
6270.000000 2.847858958750e-05 
6280.000000 2.845353323039e-05 
6290.000000 3.076112554351e-05 
6300.000000 2.913627950670e-05 
6310.000000 2.911252178804e-05 
6320.000000 3.145826576376e-05 
6330.000000 2.982334358819e-05 
6340.000000 2.978622777611e-05 
6350.000000 3.210840149039e-05 
6360.000000 3.051354818252e-05 
6370.000000 3.047432588308e-05 
6380.000000 3.283157097950e-05 
6390.000000 3.121832736717e-05 
6400.000000 3.118406592465e-05 
6410.000000 3.357016547517e-05 
6420.000000 3.147681347530e-05 
6430.000000 3.190042570545e-05 
6440.000000 3.430649081521e-05 
6450.000000 3.220151877931e-05 
6460.000000 3.263155064480e-05 
6470.000000 3.237646580542e-05 
6480.000000 3.293704006792e-05 
6490.000000 3.337435275212e-05 
6500.000000 3.311629226200e-05 
6510.000000 3.387567769741e-05 
6520.000000 3.381428374016e-05 
6530.000000 3.386224862250e-05 
6540.000000 3.415716889737e-05 
6550.000000 3.458973104841e-05 
6560.000000 3.430782363374e-05 
6570.000000 3.487308704663e-05 
6580.000000 3.537239938330e-05 
6590.000000 3.507796790503e-05 
6600.000000 3.564832250857e-05 
6610.000000 3.617133493831e-05 
6620.000000 3.587330223602e-05 
6630.000000 3.645213754352e-05 
6640.000000 3.700208607596e-05 
6650.000000 3.667583105965e-05 
6660.000000 3.727799460813e-05 
6670.000000 3.784818369498e-05 
6680.000000 3.749551137593e-05 
6690.000000 3.813192739983e-05 
6700.000000 3.869970235695e-05 
6710.000000 3.833200477120e-05 
6720.000000 3.899379459741e-05 
6730.000000 3.956408443241e-05 
6740.000000 3.918631602878e-05 
6750.000000 3.987396887927e-05 
6760.000000 4.043381965013e-05 
6770.000000 4.008774302738e-05 
6780.000000 4.077233412927e-05 
6790.000000 4.133858152689e-05 
6800.000000 4.062267405846e-05 
6810.000000 4.169056511114e-05 
6820.000000 4.219661256375e-05 
6830.000000 4.152832114200e-05 
6840.000000 4.244870058836e-05 
6850.000000 6.123873987927e-05 
6860.000000 1.310456860857e-03 
6870.000000 1.043611351962e-01 
6880.000000 3.345152046589e-01 
6890.000000 5.034026494134e-01 
6900.000000 6.115861159514e-01 
6910.000000 6.831196370686e-01 
6920.000000 7.327969397898e-01 
6930.000000 7.688670951968e-01 
6940.000000 7.960365011367e-01 
6950.000000 8.171357347287e-01 
6960.000000 8.339389282648e-01 
6970.000000 8.476070621279e-01 
6980.000000 8.589191585316e-01 
6990.000000 8.684207001138e-01 
7000.000000 8.765045177972e-01 
7010.000000 8.834554609676e-01 
7020.000000 8.894916959203e-01 
7030.000000 8.947722959417e-01 
7040.000000 8.994257225182e-01 
7050.000000 9.035541543591e-01 
7060.000000 9.072327565685e-01 
7070.000000 9.105279118723e-01 
7080.000000 9.134929667999e-01 
7090.000000 9.161652576158e-01 
7100.000000 9.185923265662e-01 
7110.000000 9.207915526299e-01 
7120.000000 9.227965949303e-01 
7130.000000 9.246274218474e-01 
7140.000000 9.263027567991e-01 
7150.000000 9.278375101797e-01 
7160.000000 9.292473632983e-01 
7170.000000 9.305442509138e-01 
7180.000000 9.317381618992e-01 
7190.000000 9.328400385084e-01 
7200.000000 9.338581368840e-01 
7210.000000 9.347990052061e-01 
7220.000000 9.356698706502e-01 
7230.000000 9.364784201600e-01 
7240.000000 9.372292035882e-01 
7250.000000 9.379255128278e-01 
7260.000000 9.385744496552e-01 
7270.000000 9.391785499182e-01 
7280.000000 9.397411704409e-01 
7290.000000 9.402671002995e-01 
7300.000000 9.407580271908e-01 
7310.000000 9.412166058334e-01 
7320.000000 9.416465065384e-01 
7330.000000 9.420491853780e-01 
7340.000000 9.424262721481e-01 
7350.000000 9.427807130171e-01 
7360.000000 9.431138338374e-01 
7370.000000 9.434266071956e-01 
7380.000000 9.437208154637e-01 
7390.000000 9.439991529556e-01 
7400.000000 9.442607631840e-01 
7410.000000 9.445074488694e-01 
7420.000000 9.447412599417e-01 
7430.000000 9.449616868123e-01 
7440.000000 9.451704360834e-01 
7450.000000 9.453679618316e-01 
7460.000000 9.455557699979e-01 
7470.000000 9.457335743526e-01 
7480.000000 9.459021920559e-01 
7490.000000 9.460629526144e-01 
7500.000000 9.462154763768e-01 
7510.000000 9.463604112494e-01 
7520.000000 9.464989850672e-01 
7530.000000 9.466307124582e-01 
7540.000000 9.467561395837e-01 
7550.000000 9.468762470089e-01 
7560.000000 9.469908356792e-01 
7570.000000 9.471000590610e-01 
7580.000000 9.472048281352e-01 
7590.000000 9.473048872211e-01 
7600.000000 9.474007438856e-01 
7610.000000 9.474926814197e-01 
7620.000000 9.475806459914e-01 
7630.000000 9.476651030530e-01 
7640.000000 9.477462104085e-01 
7650.000000 9.478239657447e-01 
7660.000000 9.478987301832e-01 
7670.000000 9.479704646503e-01 
7680.000000 9.480396281035e-01 
7690.000000 9.481062430227e-01 
7700.000000 9.481701547540e-01 
7710.000000 9.482318515320e-01 
7720.000000 9.482913944251e-01 
7730.000000 9.483485800626e-01 
7740.000000 9.484038518883e-01 
7750.000000 9.484571500847e-01 
7760.000000 9.485086894594e-01 
7770.000000 9.485583969188e-01 
7780.000000 9.486063581894e-01 
7790.000000 9.486529203454e-01 
7800.000000 9.486977729521e-01 
7810.000000 9.487411594574e-01 
7820.000000 9.487833192094e-01 
7830.000000 9.488239632039e-01 
7840.000000 9.488633254068e-01 
7850.000000 9.489016177747e-01 
7860.000000 9.489386052554e-01 
7870.000000 9.489744462898e-01 
7880.000000 9.490093472856e-01 
7890.000000 9.490430909978e-01 
7900.000000 9.490758204449e-01 
7910.000000 9.491075985964e-01 
7920.000000 9.491385835923e-01 
7930.000000 9.491685790425e-01 
7940.000000 9.491977057633e-01 
7950.000000 9.492261303174e-01 
7960.000000 9.492536866632e-01 
7970.000000 9.492804576477e-01 
7980.000000 9.493066015247e-01 
7990.000000 9.493319739566e-01 
8000.000000 9.493566406514e-01 
8010.000000 9.493807021054e-01 
8020.000000 9.494041335938e-01 
8030.000000 9.494269437980e-01 
8040.000000 9.494491795015e-01 
8050.000000 9.494708494852e-01 
8060.000000 9.494919676213e-01 
8070.000000 9.495125293801e-01 
8080.000000 9.495326464367e-01 
8090.000000 9.495522066389e-01 
8100.000000 9.495713214080e-01 
8110.000000 9.495899991369e-01 
8120.000000 9.496081809409e-01 
8130.000000 9.496259475929e-01 
8140.000000 9.496433029336e-01 
8150.000000 9.496602619576e-01 
8160.000000 9.496768166260e-01 
8170.000000 9.496929882699e-01 
8180.000000 9.497088121352e-01 
8190.000000 9.497242479188e-01 
8200.000000 9.497393549876e-01 
8210.000000 9.497541461827e-01 
8220.000000 9.497685807604e-01 
8230.000000 9.497827135779e-01 
8240.000000 9.497965315593e-01 
8250.000000 9.498100692463e-01 
8260.000000 9.498232992908e-01 
8270.000000 9.498362597139e-01 
8280.000000 9.498489628039e-01 
8290.000000 9.498613722720e-01 
8300.000000 9.498735431925e-01 
8310.000000 9.498854723604e-01 
8320.000000 9.498971319838e-01 
8330.000000 9.499085697816e-01 
8340.000000 9.499197842973e-01 
8350.000000 9.499307624381e-01 
8360.000000 9.499415153716e-01 
8370.000000 9.499520693013e-01 
8380.000000 9.499624232042e-01 
8390.000000 9.499725648703e-01 
8400.000000 9.499825158046e-01 
8410.000000 9.499922776003e-01 
8420.000000 9.500018494751e-01 
8430.000000 9.500112325864e-01 
8440.000000 9.500204622409e-01 
8450.000000 9.500294986676e-01 
8460.000000 9.500383709386e-01 
8470.000000 9.500470850946e-01 
8480.000000 9.500556400710e-01 
8490.000000 9.500640374252e-01 
8500.000000 9.500722847395e-01 
8510.000000 9.500803813869e-01 
8520.000000 9.500883269979e-01 
8530.000000 9.500961387632e-01 
8540.000000 9.501038213645e-01 
8550.000000 9.501113530414e-01 
8560.000000 9.501187534191e-01 
8570.000000 9.501260487851e-01 
8580.000000 9.501331957055e-01 
8590.000000 9.501402209378e-01 
8600.000000 9.501471316689e-01 
8610.000000 9.501539355681e-01 
8620.000000 9.501606098429e-01 
8630.000000 9.501671725983e-01 
8640.000000 9.501736412124e-01 
8650.000000 9.501799917594e-01 
8660.000000 9.501862344871e-01 
8670.000000 9.501923884090e-01 
8680.000000 9.501984293193e-01 
8690.000000 9.502043754249e-01 
8700.000000 9.502102241911e-01 
8710.000000 9.502159906443e-01 
8720.000000 9.502216532520e-01 
8730.000000 9.502272286768e-01 
8740.000000 9.502327223703e-01 
8750.000000 9.502381270352e-01 
8760.000000 9.502434449051e-01 
8770.000000 9.502486780330e-01 
8780.000000 9.502538425672e-01 
8790.000000 9.502589160961e-01 
8800.000000 9.502639152149e-01 
8810.000000 9.502688415027e-01 
8820.000000 9.502736918639e-01 
8830.000000 9.502784661196e-01 
8840.000000 9.502831703353e-01 
8850.000000 9.502878124649e-01 
8860.000000 9.502923760607e-01 
8870.000000 9.502968732634e-01 
8880.000000 9.503013107081e-01 
8890.000000 9.503056804050e-01 
8900.000000 9.503099831543e-01 
8910.000000 9.503142288508e-01 
8920.000000 9.503184144467e-01 
8930.000000 9.503225337616e-01 
8940.000000 9.503265944276e-01 
8950.000000 9.503306020886e-01 
8960.000000 9.503345555075e-01 
8970.000000 9.503384466535e-01 
8980.000000 9.503422872744e-01 
8990.000000 9.503460707376e-01 
9000.000000 9.503498087403e-01 
9010.000000 9.503534881861e-01 
9020.000000 9.503571202777e-01 
9030.000000 9.503607031499e-01 
9040.000000 9.503642366487e-01 
9050.000000 9.503677228225e-01 
9060.000000 9.503711585665e-01 
9070.000000 9.503745535557e-01 
9080.000000 9.503779000986e-01 
9090.000000 9.503812007460e-01 
9100.000000 9.503844603905e-01 
9110.000000 9.503876754466e-01 
9120.000000 9.503908480038e-01 
9130.000000 9.503939781894e-01 
9140.000000 9.503970696640e-01 
9150.000000 9.504001217825e-01 
9160.000000 9.504031306366e-01 
9170.000000 9.504061048663e-01 
9180.000000 9.504090368777e-01 
9190.000000 9.504119342249e-01 
9200.000000 9.504147924225e-01 
9210.000000 9.504176168525e-01 
9220.000000 9.504204042623e-01 
9230.000000 9.504231572680e-01 
9240.000000 9.504258737396e-01 
9250.000000 9.504285594788e-01 
9260.000000 9.504312098099e-01 
9270.000000 9.504338279988e-01 
9280.000000 9.504364148165e-01 
9290.000000 9.504389675677e-01 
9300.000000 9.504414902651e-01 
9310.000000 9.504439826306e-01 
9320.000000 9.504464454252e-01 
9330.000000 9.504488760300e-01 
9340.000000 9.504512789788e-01 
9350.000000 9.504536553521e-01 
9360.000000 9.504559994889e-01 
9370.000000 9.504583157119e-01 
9380.000000 9.504606061565e-01 
9390.000000 9.504628709424e-01 
9400.000000 9.504651064068e-01 
9410.000000 9.504673154383e-01 
9420.000000 9.504694999390e-01 
9430.000000 9.504716603645e-01 
9440.000000 9.504737928298e-01 
9450.000000 9.504759010677e-01 
9460.000000 9.504779881468e-01 
9470.000000 9.504800487599e-01 
9480.000000 9.504820847378e-01 
9490.000000 9.504840974965e-01 
9500.000000 9.504860911713e-01 
9510.000000 9.504880584966e-01 
9520.000000 9.504900044274e-01 
9530.000000 9.504919297597e-01 
9540.000000 9.504938328441e-01 
9550.000000 9.504957136963e-01 
9560.000000 9.504975739785e-01 
9570.000000 9.504994158122e-01 
9580.000000 9.505012343077e-01 
9590.000000 9.505030330009e-01 
9600.000000 9.505048144130e-01 
9610.000000 9.505065751825e-01 
9620.000000 9.505083151893e-01 
9630.000000 9.505100362721e-01 
9640.000000 9.505117408545e-01 
9650.000000 9.505134268528e-01 
9660.000000 9.505150927256e-01 
9670.000000 9.505167407149e-01 
9680.000000 9.505183723338e-01 
9690.000000 9.505199874687e-01 
9700.000000 9.505215836926e-01 
9710.000000 9.505231639767e-01 
9720.000000 9.505247262493e-01 
9730.000000 9.505262739861e-01 
9740.000000 9.505278034884e-01 
9750.000000 9.505293184578e-01 
9760.000000 9.505308162939e-01 
9770.000000 9.505323006083e-01 
9780.000000 9.505337682942e-01 
9790.000000 9.505352198658e-01 
9800.000000 9.505366580797e-01 
9810.000000 9.505380807460e-01 
9820.000000 9.505394888625e-01 
9830.000000 9.505408820095e-01 
9840.000000 9.505422620158e-01 
9850.000000 9.505436271570e-01 
9860.000000 9.505449795231e-01 
9870.000000 9.505463167895e-01 
9880.000000 9.505476417130e-01 
9890.000000 9.505489531216e-01 
9900.000000 9.505502517661e-01 
9910.000000 9.505515363873e-01 
9920.000000 9.505528091685e-01 
9930.000000 9.505540687878e-01 
9940.000000 9.505553165630e-01 
9950.000000 9.505565511609e-01 
9960.000000 9.505577748536e-01 
9970.000000 9.505589850828e-01 
9980.000000 9.505601843393e-01 
9990.000000 9.505613715703e-01 
10000.000000 9.505625481044e-01 
