5.866256676987e-14 
8.330204803718e-20 
1.866446850662e-19 
4.370810111140e-19 
8.502564176001e-19 
1.730678406353e-18 
3.140879868054e-13 
4.451052999420e-13 
7.746392250047e-18 
1.103073746752e-17 
7.435908846523e-13 
1.956766121190e-17 
2.507045053953e-17 
1.161516904090e-12 
4.033637687857e-17 
5.174652199590e-17 
6.309296428826e-17 
1.876810504416e-12 
2.029104895742e-12 
1.137230025447e-16 
1.359722946964e-16 
1.618175443912e-16 
8.713669035637e-17 
1.007138234770e-16 
2.579749757216e-16 
3.076533984214e-16 
4.064007299954e-12 
3.966109652262e-16 
4.607271065206e-16 
2.375317428160e-16 
3.805945522517e-16 
3.943719329241e-16 
4.386998881562e-16 
4.227137465130e-16 
5.179922925312e-16 
7.129745677647e-16 
7.231210121787e-16 
7.241116986691e-16 
9.032073503647e-16 
1.006426110608e-15 
1.135273768904e-15 
1.100665182282e-15 
1.730904248900e-15 
1.903242947918e-15 
1.784632347352e-15 
2.142625095123e-15 
1.816709570015e-15 
2.112510807333e-15 
2.993599526884e-15 
2.845447471328e-15 
4.353368062696e-15 
3.944638173297e-15 
3.976951543244e-15 
5.279085582825e-15 
4.084910334623e-15 
7.175820879628e-15 
7.776932349839e-15 
6.678158913507e-15 
7.240296112285e-15 
1.096832279442e-14 
9.860094164067e-15 
1.237229361205e-14 
1.257210240834e-14 
1.595665217877e-14 
1.566526922714e-14 
1.377487166524e-14 
1.403917589029e-14 
2.349946868333e-14 
2.470444033151e-14 
2.535759315966e-14 
2.631211515329e-14 
2.152650616518e-14 
2.467425280100e-14 
2.861919992361e-14 
2.750034589787e-14 
3.087297088805e-14 
3.917201489795e-14 
3.338181153297e-14 
3.736503416636e-14 
4.762021645892e-14 
4.496797746934e-14 
5.074405654760e-14 
6.692289586295e-14 
6.688771725692e-14 
7.442901986760e-14 
7.582891692926e-14 
4.696215618117e-14 
9.384143824618e-14 
1.001062589609e-13 
9.369858711063e-14 
1.118583282080e-13 
9.344184805929e-14 
1.338410904347e-13 
1.444863863801e-13 
1.415599512425e-13 
1.477849797325e-13 
1.538835441465e-13 
1.334520712958e-13 
1.705608192858e-13 
2.090485521409e-13 
1.487743284301e-13 
1.985546392070e-13 
2.354055608391e-13 
1.824202514909e-13 
1.487139567730e-13 
2.550490040763e-13 
2.554024358460e-13 
2.057798057031e-13 
2.305171216863e-13 
3.097490027376e-13 
2.509649704905e-13 
2.833517438898e-13 
3.714739895424e-13 
2.963583072582e-13 
3.397342410227e-13 
4.551501261625e-13 
3.406107766816e-13 
3.896958500720e-13 
5.360881504254e-13 
4.070888046716e-13 
4.457470111391e-13 
6.051218840758e-13 
4.948626585079e-13 
5.538715344548e-13 
7.337675839777e-13 
6.104045732378e-13 
6.005321819808e-13 
6.055416221335e-13 
7.328186242439e-13 
7.810118536914e-13 
7.366805025177e-13 
8.875632966768e-13 
8.951713577701e-13 
8.863041029321e-13 
1.012243275915e-12 
1.035018109352e-12 
1.006962842791e-12 
9.170858069509e-13 
1.147152947247e-12 
1.177904624107e-12 
1.068408113759e-12 
1.435109505895e-12 
1.397920918349e-12 
1.276896078842e-12 
1.724533210806e-12 
1.632892710853e-12 
1.502993653192e-12 
1.660141956110e-12 
2.068371634102e-12 
1.794419759558e-12 
1.980388003233e-12 
2.371873473231e-12 
2.159933009095e-12 
2.205443995367e-12 
1.856681017497e-12 
2.390577324938e-12 
2.670216900000e-12 
2.077233200865e-12 
2.896575369293e-12 
2.966233453124e-12 
3.142449651482e-12 
3.149949866775e-12 
3.419565003154e-12 
2.510287949758e-12 
1.944267021054e-12 
4.009662121025e-12 
2.898865312216e-12 
2.257588112574e-12 
4.630405575309e-12 
3.372049957657e-12 
2.665849216114e-12 
4.691977028372e-12 
3.751876062575e-12 
2.811628181685e-12 
5.110837975412e-12 
4.399300014566e-12 
3.445348091606e-12 
3.756015364605e-12 
5.068353047145e-12 
3.617372241635e-12 
4.367423404092e-12 
5.863212976345e-12 
4.214283801637e-12 
4.710644535000e-12 
6.499838617537e-12 
4.895215455935e-12 
5.216779700878e-12 
7.512725190566e-12 
5.669066067092e-12 
6.023091281339e-12 
5.617865218623e-12 
6.274163919052e-12 
6.962200616623e-12 
6.098347495008e-12 
7.223628285360e-12 
7.917195111454e-12 
7.100452039885e-12 
8.320902132045e-12 
9.100037139859e-12 
7.673595468867e-12 
9.368672260377e-12 
9.965173195643e-12 
8.769167197300e-12 
1.014877905403e-11 
1.129124097422e-11 
1.002335616434e-11 
1.112400304505e-11 
1.157120669481e-11 
1.134226347601e-11 
9.505271076480e-12 
1.260495318747e-11 
1.248931197070e-11 
1.086226068031e-11 
1.384551443046e-11 
1.423041059095e-11 
1.228468656468e-11 
1.573245606271e-11 
1.550018079226e-11 
1.342084228804e-11 
1.779116221285e-11 
1.696602269126e-11 
1.467712976410e-11 
1.922765113794e-11 
1.881129573549e-11 
1.631044297677e-11 
2.130959323557e-11 
2.106514862475e-11 
1.784251469039e-11 
2.324287974913e-11 
2.300119359502e-11 
1.996792188897e-11 
2.115835290872e-11 
2.585769002355e-11 
2.253133298485e-11 
2.363684792572e-11 
2.917309160549e-11 
2.530367660642e-11 
2.653494061910e-11 
3.116780578039e-11 
2.725932540874e-11 
2.859936653700e-11 
3.466089547642e-11 
3.052328555908e-11 
3.193102229993e-11 
3.906253595391e-11 
3.439081500582e-11 
3.581310051579e-11 
3.679294329367e-11 
3.812633244672e-11 
3.822462110508e-11 
3.936104781319e-11 
4.059324474806e-11 
4.230433299556e-11 
4.393619060752e-11 
4.532324059509e-11 
4.728291077995e-11 
4.872848513488e-11 
2.552093636466e-11 
5.247852809236e-11 
3.631016924500e-11 
2.740801982165e-11 
5.585025195626e-11 
3.892199052946e-11 
3.047141073753e-11 
6.237197418867e-11 
4.310546183105e-11 
5.818573378071e-11 
6.914124047624e-11 
4.632385796619e-11 
3.592976446256e-11 
7.322831820270e-11 
5.151414209626e-11 
3.636116950251e-11 
8.027339783855e-11 
5.686605506512e-11 
4.029853520113e-11 
4.632858384418e-11 
6.250647597773e-11 
4.310259957646e-11 
4.994717980286e-11 
6.620110693199e-11 
4.747447517064e-11 
5.501676800252e-11 
7.299313052646e-11 
5.218276007520e-11 
1.035107876344e-10 
7.836310988741e-11 
5.739026981303e-11 
6.420312573069e-11 
8.583403564426e-11 
6.195110549119e-11 
6.481556194096e-11 
9.430015924825e-11 
6.794682895858e-11 
7.109589851177e-11 
1.032311880936e-10 
7.186226148262e-11 
7.655215913565e-11 
1.087967156875e-10 
7.885688353228e-11 
8.368503116350e-11 
1.025892978554e-10 
8.626016894482e-11 
9.146950932947e-11 
1.100915733172e-10 
9.390818301693e-11 
9.661620356708e-11 
1.199588642205e-10 
9.908700440105e-11 
1.054131980458e-10 
1.399462962828e-10 
1.079509538243e-10 
1.148568314489e-10 
9.890605927835e-11 
1.158435463209e-10 
1.246049565449e-10 
1.043588914727e-10 
1.260973923599e-10 
1.309319411461e-10 
1.135900203340e-10 
1.370799588106e-10 
1.449865232412e-10 
1.230008527319e-10 
1.489022695033e-10 
1.522520953411e-10 
1.336273006685e-10 
1.563802355763e-10 
1.651780149419e-10 
1.430372665587e-10 
1.694184468822e-10 
1.790241281807e-10 
1.551023281923e-10 
1.346761449426e-10 
1.938727649964e-10 
1.629228752573e-10 
1.877100943675e-10 
2.028036137014e-10 
1.764027290631e-10 
2.004080865376e-10 
2.185672947799e-10 
1.905962281686e-10 
1.610592032631e-10 
2.361382350941e-10 
2.059820779309e-10 
2.267564783688e-10 
2.264765240344e-10 
2.224327088735e-10 
1.827575227413e-10 
2.443098536461e-10 
2.322475034589e-10 
1.973508145294e-10 
2.633664807802e-10 
2.503715318788e-10 
2.129494454527e-10 
2.712156505423e-10 
2.665933065818e-10 
2.289746113883e-10 
2.962327997148e-10 
2.870366401543e-10 
2.466043411073e-10 
3.051444181074e-10 
3.085434039044e-10 
2.654730971497e-10 
3.280199208234e-10 
3.316393067222e-10 
2.825147160725e-10 
3.514480597417e-10 
3.561442700724e-10 
2.954596681776e-10 
3.772856067135e-10 
3.822787678704e-10 
3.158583144181e-10 
3.248868841629e-10 
3.988682234786e-10 
3.390851395961e-10 
3.450937088420e-10 
4.264568865399e-10 
3.637421292314e-10 
3.699979006742e-10 
4.400022252527e-10 
3.899301100248e-10 
3.964668461426e-10 
4.710106985268e-10 
4.166831339205e-10 
4.141343187748e-10 
5.039217497284e-10 
4.456462167957e-10 
4.432898474258e-10 
5.333356738765e-10 
4.652042706496e-10 
4.741310889324e-10 
5.699021139560e-10 
4.974621116609e-10 
5.063766866745e-10 
6.085371579987e-10 
5.154833962818e-10 
5.396655675729e-10 
6.492773214388e-10 
5.454432130544e-10 
5.761489598776e-10 
6.752013932067e-10 
5.821213656003e-10 
5.976737183378e-10 
7.197904112427e-10 
6.209771036267e-10 
6.403944049185e-10 
6.489229045507e-10 
6.620400322508e-10 
6.639733837593e-10 
6.914422290056e-10 
7.048477530827e-10 
7.010818185986e-10 
7.361622064794e-10 
7.505407667795e-10 
7.463827027212e-10 
7.637151738353e-10 
7.794245907112e-10 
7.937018311365e-10 
8.124322126166e-10 
8.290523195661e-10 
8.440704002813e-10 
8.453236058088e-10 
8.814129313162e-10 
8.969089305469e-10 
8.902039121384e-10 
4.778312830664e-10 
9.507046364414e-10 
9.453232304696e-10 
4.990823016974e-10 
9.881173740247e-10 
1.003524028680e-09 
5.308424055614e-10 
1.048607040997e-09 
1.064678168472e-09 
5.548238127409e-10 
1.112123223899e-09 
1.102811508691e-09 
5.859381418085e-10 
1.152470336805e-09 
7.979450978850e-10 
6.226416719520e-10 
1.221250702457e-09 
8.465120037123e-10 
6.590095628248e-10 
1.293478712279e-09 
8.974704985453e-10 
1.186914427621e-09 
1.369184012386e-09 
9.506400295076e-10 
1.254181971089e-09 
1.448723754753e-09 
1.006938975419e-09 
7.120173470201e-10 
1.520276785659e-09 
1.066150979472e-09 
7.546623972377e-10 
1.606693615278e-09 
1.128229750549e-09 
7.998651405493e-10 
9.033787970209e-10 
1.193172711555e-09 
8.473116364159e-10 
9.565005150633e-10 
1.261353898815e-09 
8.971537540870e-10 
1.011761733222e-09 
1.323946574593e-09 
9.492998798409e-10 
1.070250915610e-09 
1.398355111424e-09 
1.004188896707e-09 
1.131404483823e-09 
1.473071874716e-09 
1.061821105185e-09 
2.007861275634e-09 
1.554363599976e-09 
1.122299071571e-09 
1.165194088877e-09 
1.639347812803e-09 
1.185630753983e-09 
1.230811998788e-09 
1.728490069623e-09 
1.244292663509e-09 
1.299502154883e-09 
1.821640534437e-09 
1.311322619392e-09 
1.371487387252e-09 
1.918871140697e-09 
1.383573188057e-09 
1.446005083252e-09 
1.760978682795e-09 
1.459154568986e-09 
1.524799725804e-09 
1.855074450379e-09 
1.538288292613e-09 
1.607175135319e-09 
1.953176448111e-09 
1.621026443041e-09 
1.690896110983e-09 
2.054921445400e-09 
1.707580611366e-09 
1.771002240227e-09 
2.301345803676e-09 
1.797765215563e-09 
1.864675479123e-09 
2.419143306568e-09 
1.892340575552e-09 
1.962232578207e-09 
2.233186678339e-09 
1.990375784675e-09 
2.064458032120e-09 
2.344243985441e-09 
2.093538267916e-09 
2.171114793225e-09 
1.831358342031e-09 
2.200933225428e-09 
2.281418717002e-09 
1.915769190894e-09 
2.313068827177e-09 
2.397243288244e-09 
2.013525466476e-09 
2.429749058605e-09 
2.518236926220e-09 
2.115571812134e-09 
2.548220518426e-09 
2.644437323777e-09 
2.221138334867e-09 
1.959505719192e-09 
2.775589465513e-09 
2.332113911223e-09 
2.659092947618e-09 
2.912635778982e-09 
2.447457284654e-09 
2.790254208658e-09 
3.055222987854e-09 
2.567812333099e-09 
2.911004328950e-09 
3.199499024493e-09 
2.693066424173e-09 
3.052230996421e-09 
3.354088679068e-09 
2.823600377856e-09 
3.199532391289e-09 
3.515095168557e-09 
2.959610440092e-09 
2.486282387267e-09 
3.680557084068e-09 
3.101224712560e-09 
2.607830253146e-09 
3.854633761245e-09 
3.248417707424e-09 
2.734325208663e-09 
4.035484649242e-09 
3.396693835983e-09 
2.865888220522e-09 
4.202439074683e-09 
3.554126789607e-09 
3.002745001208e-09 
4.396875215408e-09 
3.718970809180e-09 
3.145008403748e-09 
4.111063923422e-09 
3.890413669436e-09 
3.293428760626e-09 
4.593257734751e-09 
4.068591917485e-09 
3.442944337184e-09 
4.301416021497e-09 
4.253739730792e-09 
3.603290033592e-09 
4.497184034133e-09 
4.445936581202e-09 
3.769955174261e-09 
4.700352681261e-09 
4.623941148813e-09 
3.943111349415e-09 
4.909302431810e-09 
4.829846937866e-09 
4.123022511482e-09 
5.128074889403e-09 
5.043228675241e-09 
4.309522233087e-09 
5.348944562929e-09 
5.264916882935e-09 
4.478136579322e-09 
5.584337439801e-09 
5.493101197576e-09 
4.678811261494e-09 
5.162444620534e-09 
5.731565274152e-09 
4.887084828227e-09 
5.390480286076e-09 
5.978652215566e-09 
5.082135844629e-09 
5.626943514384e-09 
6.006520879115e-09 
5.303567813097e-09 
5.871997033163e-09 
6.255608431891e-09 
5.534688181174e-09 
6.126236925724e-09 
6.520486154350e-09 
5.774077526958e-09 
5.779512140710e-09 
6.795026400295e-09 
6.023049430177e-09 
6.026164305856e-09 
7.079631523970e-09 
6.281382596553e-09 
6.283245172326e-09 
7.374076709770e-09 
6.542379540963e-09 
6.550188002954e-09 
7.679100906957e-09 
6.819248607907e-09 
6.799809515029e-09 
7.991278418003e-09 
7.106167415046e-09 
7.084615100788e-09 
8.144188558133e-09 
7.256721148950e-09 
7.231614417781e-09 
8.475091805365e-09 
7.558310251529e-09 
7.536893766391e-09 
8.823760233826e-09 
7.871401341413e-09 
7.840114828923e-09 
9.177992938012e-09 
8.193109461458e-09 
8.161295763541e-09 
9.544277678800e-09 
8.535295063963e-09 
8.494322952671e-09 
9.884337485831e-09 
8.882971581486e-09 
8.839223335376e-09 
1.027352725397e-08 
9.242863471586e-09 
9.200502176786e-09 
1.067618764851e-08 
9.333026160245e-09 
9.569596914191e-09 
1.108111696511e-08 
9.707640855821e-09 
9.951236817736e-09 
9.768826946519e-09 
1.009422664535e-08 
1.034550029145e-08 
1.015718796106e-08 
1.061420309134e-08 
1.054847829668e-08 
1.055289139744e-08 
1.071540746555e-08 
1.096783885336e-08 
1.075819640131e-08 
1.109670371927e-08 
1.139574916552e-08 
1.117340173994e-08 
1.151948401057e-08 
1.183789771651e-08 
1.160840544783e-08 
1.196447809296e-08 
1.230500280891e-08 
1.205147174909e-08 
1.242771928747e-08 
1.278627620272e-08 
1.250925213684e-08 
1.291369111846e-08 
1.327480368547e-08 
1.298164434008e-08 
1.340867383022e-08 
1.377565914631e-08 
1.346947574377e-08 
1.391991716362e-08 
1.428339448387e-08 
1.399384414610e-08 
1.444745739200e-08 
1.482004444381e-08 
1.425655225944e-08 
1.499266967471e-08 
1.532461247841e-08 
1.478502397818e-08 
1.529591873665e-08 
1.680783947418e-08 
2.071680251475e-08 
2.649699090240e-08 
3.276442993314e-08 
4.258271277874e-08 
7.525610370870e-08 
3.165525207514e-07 
2.447228840657e-06 
1.379498770249e-05 
5.446506881537e-05 
1.648347629837e-04 
4.095939130034e-04 
8.771114973623e-04 
1.673950251852e-03 
2.918174087638e-03 
4.731643819738e-03 
7.229636077676e-03 
1.051886413181e-02 
1.468977314862e-02 
1.981450741193e-02 
2.594517096867e-02 
3.311239874917e-02 
4.132699836018e-02 
5.058062235988e-02 
6.084551561559e-02 
7.208313784476e-02 
8.423461990057e-02 
9.723669647369e-02 
1.110144131736e-01 
1.254876325570e-01 
1.405711356083e-01 
1.561793430530e-01 
1.722260371261e-01 
1.886253203759e-01 
2.052958003751e-01 
2.221593251240e-01 
2.391407339280e-01 
2.561717056614e-01 
2.731905932668e-01 
2.901398522738e-01 
3.069656889247e-01 
3.236254594209e-01 
3.400780164778e-01 
3.562878172599e-01 
3.722273762856e-01 
3.878707533865e-01 
4.031968818933e-01 
4.181919905840e-01 
4.328412970019e-01 
4.471349155060e-01 
4.610687787284e-01 
4.746375959405e-01 
4.878388554045e-01 
5.006735997644e-01 
5.131470802667e-01 
5.252577715938e-01 
5.370122024816e-01 
5.484186134239e-01 
5.594797150457e-01 
5.702049517472e-01 
5.806013285897e-01 
5.906788314724e-01 
6.004435961447e-01 
6.099048159479e-01 
6.190730718107e-01 
6.279549758064e-01 
6.365598253388e-01 
6.448982341886e-01 
6.529766944655e-01 
6.608042208796e-01 
6.683907627999e-01 
6.757430701117e-01 
6.828690397984e-01 
6.897780405835e-01 
6.964761527577e-01 
7.029716516801e-01 
7.092719017792e-01 
7.153829132662e-01 
7.213122281669e-01 
7.270663710632e-01 
7.326508863947e-01 
7.380724866490e-01 
7.433364781354e-01 
7.484493302791e-01 
7.534159150072e-01 
7.582409449599e-01 
7.629303384854e-01 
7.674885526811e-01 
7.719196556326e-01 
7.762289114481e-01 
7.804200604933e-01 
7.844976068242e-01 
7.884651747416e-01 
7.923264430077e-01 
7.960856896951e-01 
7.997456477742e-01 
8.033099363685e-01 
8.067822210501e-01 
8.101648415083e-01 
8.134611566494e-01 
8.166743590277e-01 
8.198065647427e-01 
8.228606779572e-01 
8.258395693867e-01 
8.287451035411e-01 
8.315798672399e-01 
8.343461525083e-01 
8.370463883709e-01 
8.396821546926e-01 
8.422556674853e-01 
8.447691295767e-01 
8.472239621835e-01 
8.496221100188e-01 
8.519655525083e-01 
8.542555628355e-01 
8.564938691746e-01 
8.586821659125e-01 
8.608217895619e-01 
8.629141681807e-01 
8.649607718301e-01 
8.669628483316e-01 
8.689216802494e-01 
8.708384896637e-01 
8.727146484753e-01 
8.745510298351e-01 
8.763489261230e-01 
8.781094448355e-01 
8.798334307507e-01 
8.815220239215e-01 
8.831761944033e-01 
8.847968500557e-01 
8.863848614116e-01 
8.879411383915e-01 
8.894665409912e-01 
8.909618063733e-01 
8.924278020718e-01 
8.938653023102e-01 
8.952749567316e-01 
8.966575543791e-01 
8.980137533715e-01 
8.993442720878e-01 
9.006496860129e-01 
9.019306787404e-01 
9.031878698114e-01 
9.044217734517e-01 
9.056330333589e-01 
9.068221996425e-01 
9.079897451389e-01 
9.091362547064e-01 
9.102622303075e-01 
9.113681178515e-01 
9.124544122366e-01 
9.135216007039e-01 
9.145701279937e-01 
9.156003893450e-01 
9.166128403478e-01 
9.176078912823e-01 
9.185859137809e-01 
9.195473029374e-01 
9.204924817529e-01 
9.214217384102e-01 
9.223354696709e-01 
9.232340249125e-01 
9.241177370014e-01 
9.249869128599e-01 
9.258418873938e-01 
9.266829669016e-01 
9.275104310281e-01 
9.283245962211e-01 
9.291257597743e-01 
9.299141474764e-01 
9.306900580560e-01 
9.314537885498e-01 
9.322055232033e-01 
9.329455465266e-01 
9.336741053277e-01 
9.343914499243e-01 
9.350977633845e-01 
9.357932958060e-01 
9.364782886469e-01 
9.371529099144e-01 
9.378173845519e-01 
9.384719339855e-01 
9.391167218521e-01 
9.397519592510e-01 
9.403778293403e-01 
9.409945309211e-01 
9.416022119338e-01 
9.422010639258e-01 
9.427912632552e-01 
9.433729607910e-01 
9.439463207707e-01 
9.445115019852e-01 
9.450686752543e-01 
9.456179612074e-01 
9.461595240375e-01 
9.466935109549e-01 
9.472200513401e-01 
9.477392825795e-01 
9.482513432866e-01 
9.487563737902e-01 
9.492544777931e-01 
9.497457936015e-01 
9.502304512663e-01 
9.507085556372e-01 
9.511802247259e-01 
9.516455841350e-01 
9.521047354118e-01 
9.525577832319e-01 
9.530048403741e-01 
9.534460181364e-01 
9.538814104832e-01 
9.543111113794e-01 
9.547352314879e-01 
9.551538530531e-01 
9.555670825965e-01 
9.559749984018e-01 
9.563777025441e-01 
9.567752743844e-01 
9.571678004944e-01 
9.575553699721e-01 
9.579380551934e-01 
9.583159481238e-01 
9.586891222045e-01 
9.590576501055e-01 
9.594216152616e-01 
9.597810865010e-01 
9.601361416498e-01 
9.604868445515e-01 
9.608332717781e-01 
9.611754919687e-01 
9.615135625209e-01 
9.618475597136e-01 
9.621775395551e-01 
9.625035749071e-01 
9.628257165045e-01 
9.631440333087e-01 
9.634585830231e-01 
9.637694198295e-01 
9.640766020456e-01 
9.643801907904e-01 
9.646802369040e-01 
9.649767937987e-01 
9.652699171935e-01 
9.655596545136e-01 
9.658460604170e-01 
9.661291845574e-01 
9.664090768588e-01 
9.666857810758e-01 
9.669593487807e-01 
9.672298273948e-01 
9.674972559934e-01 
9.677616831819e-01 
9.680231542422e-01 
9.682817127220e-01 
9.685373957811e-01 
9.687902479347e-01 
9.690403112933e-01 
9.692876265752e-01 
9.695322278747e-01 
9.697741573894e-01 
9.700134564728e-01 
9.702501553554e-01 
9.704842932059e-01 
9.707159067208e-01 
9.709450353494e-01 
9.711717055012e-01 
9.713959560527e-01 
9.716178220147e-01 
9.718373328060e-01 
9.720545212350e-01 
9.722694204421e-01 
9.724820644674e-01 
9.726924772853e-01 
9.729006929636e-01 
9.731067441546e-01 
9.733106551059e-01 
9.735124550959e-01 
9.737121737292e-01 
9.739098416349e-01 
9.741054820125e-01 
9.742991213617e-01 
9.744907877454e-01 
9.746805093601e-01 
9.748683091568e-01 
9.750542111134e-01 
9.752382435836e-01 
9.754204265775e-01 
9.756007880479e-01 
9.757793480920e-01 
9.759561340203e-01 
9.761311639457e-01 
9.763044644352e-01 
9.764760560010e-01 
9.766459580888e-01 
9.768141956212e-01 
9.769807873886e-01 
9.771457563942e-01 
9.773091197275e-01 
9.774709004645e-01 
9.776311163491e-01 
9.777897900440e-01 
9.779469359722e-01 
9.781025766649e-01 
9.782567304947e-01 
9.784094136163e-01 
9.785606445244e-01 
9.787104427939e-01 
9.788588256034e-01 
9.790058083437e-01 
9.791514083917e-01 
9.792956459349e-01 
9.794385316542e-01 
9.795800853372e-01 
9.797203220395e-01 
9.798592603821e-01 
