9.999999986201e-01 
9.999999989026e-01 
9.999999983497e-01 
9.999999974642e-01 
9.999999964535e-01 
9.999999949267e-01 
9.999999929768e-01 
9.999999908692e-01 
9.999999892266e-01 
9.999999871418e-01 
9.999999852438e-01 
9.999999828713e-01 
9.999999806119e-01 
9.999999778578e-01 
9.999999754039e-01 
9.999999721364e-01 
9.999999692334e-01 
9.999999655911e-01 
9.999999625964e-01 
9.999999586858e-01 
9.999999548222e-01 
9.999999507121e-01 
9.999999465074e-01 
9.999999424907e-01 
9.999999377620e-01 
9.999999320251e-01 
9.999999286309e-01 
9.999999228222e-01 
9.999999168115e-01 
9.999999116597e-01 
9.999998998434e-01 
9.999998980596e-01 
9.999998924833e-01 
9.999998858458e-01 
9.999998766747e-01 
9.999998543913e-01 
9.999998558734e-01 
9.999998517676e-01 
9.999998382486e-01 
9.999998292544e-01 
9.999998157054e-01 
9.999998185417e-01 
9.999997703919e-01 
9.999997592366e-01 
9.999997681879e-01 
9.999997472880e-01 
9.999997660968e-01 
9.999997465492e-01 
9.999997017394e-01 
9.999997085539e-01 
9.999996390359e-01 
9.999996566508e-01 
9.999996551942e-01 
9.999996046212e-01 
9.999996506728e-01 
9.999995386398e-01 
9.999995180721e-01 
9.999995522690e-01 
9.999995337968e-01 
9.999994298652e-01 
9.999994563137e-01 
9.999993924857e-01 
9.999993891314e-01 
9.999993104286e-01 
9.999993173972e-01 
9.999993597692e-01 
9.999993524597e-01 
9.999991650661e-01 
9.999991440851e-01 
9.999991326282e-01 
9.999991158129e-01 
9.999991990112e-01 
9.999991434173e-01 
9.999990780471e-01 
9.999990949300e-01 
9.999990418698e-01 
9.999989217736e-01 
9.999990041370e-01 
9.999989467851e-01 
9.999988123360e-01 
9.999988448418e-01 
9.999987735148e-01 
9.999985940696e-01 
9.999985941065e-01 
9.999985177548e-01 
9.999985034753e-01 
9.999988178315e-01 
9.999983370642e-01 
9.999982828574e-01 
9.999983371106e-01 
9.999981852898e-01 
9.999983384432e-01 
9.999980169245e-01 
9.999979401056e-01 
9.999979597638e-01 
9.999979152775e-01 
9.999978728339e-01 
9.999980162382e-01 
9.999977611053e-01 
9.999975255884e-01 
9.999979047556e-01 
9.999975848880e-01 
9.999973743175e-01 
9.999976821426e-01 
9.999979025677e-01 
9.999972660678e-01 
9.999972630729e-01 
9.999975374602e-01 
9.999973954915e-01 
9.999969887039e-01 
9.999972830007e-01 
9.999971149746e-01 
9.999967049503e-01 
9.999970492552e-01 
9.999968438252e-01 
9.999963566404e-01 
9.999968376160e-01 
9.999966208709e-01 
9.999960490119e-01 
9.999965455823e-01 
9.999963876225e-01 
9.999958036840e-01 
9.999961952705e-01 
9.999959781651e-01 
9.999953841200e-01 
9.999957797250e-01 
9.999958117304e-01 
9.999957934440e-01 
9.999953806041e-01 
9.999952327788e-01 
9.999953655690e-01 
9.999949220999e-01 
9.999948992883e-01 
9.999949223134e-01 
9.999945800029e-01 
9.999945189834e-01 
9.999945902982e-01 
9.999948303040e-01 
9.999942310472e-01 
9.999941541110e-01 
9.999944243012e-01 
9.999935584171e-01 
9.999936384904e-01 
9.999939113752e-01 
9.999929479176e-01 
9.999931307873e-01 
9.999934008030e-01 
9.999930706598e-01 
9.999922844335e-01 
9.999927981637e-01 
9.999924410912e-01 
9.999917441876e-01 
9.999921095446e-01 
9.999920264313e-01 
9.999926659586e-01 
9.999917016472e-01 
9.999912394927e-01 
9.999922462450e-01 
9.999908796539e-01 
9.999907705928e-01 
9.999905045720e-01 
9.999904905082e-01 
9.999900995753e-01 
9.999914808814e-01 
9.999924775701e-01 
9.999892921918e-01 
9.999908537423e-01 
9.999919015331e-01 
9.999885049428e-01 
9.999901457443e-01 
9.999912099605e-01 
9.999884199475e-01 
9.999896106880e-01 
9.999909711558e-01 
9.999879172199e-01 
9.999887636603e-01 
9.999900221711e-01 
9.999895903926e-01 
9.999879517331e-01 
9.999897740260e-01 
9.999887874031e-01 
9.999870557818e-01 
9.999889747581e-01 
9.999883569904e-01 
9.999863785998e-01 
9.999881305707e-01 
9.999877537744e-01 
9.999853725670e-01 
9.999872409653e-01 
9.999868555606e-01 
9.999872903581e-01 
9.999865844997e-01 
9.999858840388e-01 
9.999867617958e-01 
9.999856208513e-01 
9.999849610893e-01 
9.999857329904e-01 
9.999845847028e-01 
9.999838948295e-01 
9.999851722571e-01 
9.999836566463e-01 
9.999831544257e-01 
9.999841653318e-01 
9.999829952220e-01 
9.999820859053e-01 
9.999830887719e-01 
9.999822058082e-01 
9.999818569796e-01 
9.999820276016e-01 
9.999835028785e-01 
9.999810720441e-01 
9.999811517245e-01 
9.999823835349e-01 
9.999801737193e-01 
9.999799027016e-01 
9.999812834612e-01 
9.999788884360e-01 
9.999790349476e-01 
9.999804467412e-01 
9.999775726354e-01 
9.999780780226e-01 
9.999795627651e-01 
9.999766935923e-01 
9.999769339892e-01 
9.999784720697e-01 
9.999754829676e-01 
9.999756136597e-01 
9.999774962491e-01 
9.999744088224e-01 
9.999745318584e-01 
9.999762151088e-01 
9.999755311163e-01 
9.999730240071e-01 
9.999747608142e-01 
9.999741611066e-01 
9.999713779239e-01 
9.999732797522e-01 
9.999726501719e-01 
9.999704236003e-01 
9.999722772921e-01 
9.999716177001e-01 
9.999688383201e-01 
9.999706934117e-01 
9.999700385717e-01 
9.999669560326e-01 
9.999689263315e-01 
9.999683024389e-01 
9.999678774816e-01 
9.999673108001e-01 
9.999672622801e-01 
9.999667864204e-01 
9.999662787124e-01 
9.999655893196e-01 
9.999649443482e-01 
9.999644042721e-01 
9.999636584802e-01 
9.999631159998e-01 
9.999730428233e-01 
9.999617498982e-01 
9.999679956692e-01 
9.999720747457e-01 
9.999605517230e-01 
9.999668773939e-01 
9.999705815928e-01 
9.999583565671e-01 
9.999651736642e-01 
9.999597157759e-01 
9.999561974379e-01 
9.999639131474e-01 
9.999680919576e-01 
9.999549324451e-01 
9.999619824311e-01 
9.999678871751e-01 
9.999528525885e-01 
9.999600916013e-01 
9.999662234125e-01 
9.999638513402e-01 
9.999581938746e-01 
9.999650815321e-01 
9.999624854877e-01 
9.999569873539e-01 
9.999633836909e-01 
9.999606610751e-01 
9.999548754594e-01 
9.999616420762e-01 
9.999465421263e-01 
9.999532683393e-01 
9.999598073597e-01 
9.999575523858e-01 
9.999511316933e-01 
9.999582645270e-01 
9.999573314628e-01 
9.999488236088e-01 
9.999563273858e-01 
9.999553490754e-01 
9.999465000536e-01 
9.999550991644e-01 
9.999536931553e-01 
9.999450899632e-01 
9.999530047414e-01 
9.999516226026e-01 
9.999465973450e-01 
9.999508882860e-01 
9.999494635900e-01 
9.999447090377e-01 
9.999487959930e-01 
9.999480762079e-01 
9.999423302843e-01 
9.999474175455e-01 
9.999458074929e-01 
9.999378302566e-01 
9.999451591710e-01 
9.999434771323e-01 
9.999474156698e-01 
9.999432213949e-01 
9.999411707322e-01 
9.999460012774e-01 
9.999408087806e-01 
9.999397099211e-01 
9.999437077463e-01 
9.999383333165e-01 
9.999366254354e-01 
9.999414640991e-01 
9.999357794768e-01 
9.999350726692e-01 
9.999390353240e-01 
9.999342030009e-01 
9.999324253108e-01 
9.999369601313e-01 
9.999315670287e-01 
9.999297044279e-01 
9.999344057184e-01 
9.999387297614e-01 
9.999269034575e-01 
9.999327902707e-01 
9.999280111503e-01 
9.999252545047e-01 
9.999301185047e-01 
9.999256568045e-01 
9.999224589201e-01 
9.999274152781e-01 
9.999330844330e-01 
9.999194633903e-01 
9.999245991959e-01 
9.999209993722e-01 
9.999210331545e-01 
9.999217049337e-01 
9.999287924075e-01 
9.999180438838e-01 
9.999200126243e-01 
9.999260589590e-01 
9.999149705327e-01 
9.999170115504e-01 
9.999232492744e-01 
9.999137117868e-01 
9.999144118163e-01 
9.999204689778e-01 
9.999099078754e-01 
9.999112562000e-01 
9.999175242716e-01 
9.999085633445e-01 
9.999080577040e-01 
9.999144898121e-01 
9.999052668215e-01 
9.999047479482e-01 
9.999118366687e-01 
9.999020088222e-01 
9.999013627646e-01 
9.999098641338e-01 
9.998985440211e-01 
9.998978816078e-01 
9.999068645191e-01 
9.999055723812e-01 
9.998957153225e-01 
9.999035702780e-01 
9.999027332844e-01 
9.998922412979e-01 
9.999001973098e-01 
9.998993562329e-01 
9.998905511765e-01 
9.998967407994e-01 
9.998958923624e-01 
9.998868401366e-01 
9.998933287523e-01 
9.998936287939e-01 
9.998830359631e-01 
9.998897601460e-01 
9.998900260322e-01 
9.998797343120e-01 
9.998873997913e-01 
9.998863447117e-01 
9.998757669472e-01 
9.998836434965e-01 
9.998826241922e-01 
9.998717144601e-01 
9.998815758844e-01 
9.998789074269e-01 
9.998675814696e-01 
9.998782490685e-01 
9.998749685582e-01 
9.998649980480e-01 
9.998743096383e-01 
9.998726815622e-01 
9.998607081190e-01 
9.998702729621e-01 
9.998683120638e-01 
9.998674501880e-01 
9.998661451944e-01 
9.998659384894e-01 
9.998632707178e-01 
9.998619789366e-01 
9.998623169978e-01 
9.998590147622e-01 
9.998576734570e-01 
9.998580358433e-01 
9.998564352349e-01 
9.998549984799e-01 
9.998537035327e-01 
9.998520282309e-01 
9.998505557404e-01 
9.998492360274e-01 
9.998491087163e-01 
9.998460141234e-01 
9.998446940321e-01 
9.998452357812e-01 
9.998853997095e-01 
9.998402053648e-01 
9.998406225340e-01 
9.998829211733e-01 
9.998371394749e-01 
9.998358991452e-01 
9.998793334571e-01 
9.998323404628e-01 
9.998310853495e-01 
9.998766852900e-01 
9.998274520143e-01 
9.998281298785e-01 
9.998733458323e-01 
9.998243958556e-01 
9.998529279883e-01 
9.998695258904e-01 
9.998193502842e-01 
9.998486179638e-01 
9.998658508478e-01 
9.998142067006e-01 
9.998442301716e-01 
9.998217118872e-01 
9.998089734056e-01 
9.998397876871e-01 
9.998168448295e-01 
9.998036332450e-01 
9.998352214601e-01 
9.998606062005e-01 
9.997989451848e-01 
9.998305568187e-01 
9.998565863296e-01 
9.997934432078e-01 
9.998258073438e-01 
9.998524514248e-01 
9.998434983661e-01 
9.998209781523e-01 
9.998482367024e-01 
9.998390670681e-01 
9.998160516643e-01 
9.998439380092e-01 
9.998345892840e-01 
9.998116408825e-01 
9.998395700541e-01 
9.998299854977e-01 
9.998065433999e-01 
9.998351039819e-01 
9.998253083671e-01 
9.998015610207e-01 
9.998305480838e-01 
9.997695511707e-01 
9.997962909232e-01 
9.998259043472e-01 
9.998227044836e-01 
9.997909284050e-01 
9.998211753522e-01 
9.998178988153e-01 
9.997854555757e-01 
9.998169039960e-01 
9.998130075899e-01 
9.997798900018e-01 
9.998121535480e-01 
9.998080228485e-01 
9.997742350558e-01 
9.998071729827e-01 
9.998030024079e-01 
9.997833312542e-01 
9.998021037546e-01 
9.997978369357e-01 
9.997777600187e-01 
9.997969395497e-01 
9.997925820092e-01 
9.997721047377e-01 
9.997916848028e-01 
9.997873804014e-01 
9.997663919867e-01 
9.997863339909e-01 
9.997825220026e-01 
9.997532152492e-01 
9.997809060501e-01 
9.997769899598e-01 
9.997471388806e-01 
9.997753632780e-01 
9.997713791417e-01 
9.997566425641e-01 
9.997697657687e-01 
9.997656519717e-01 
9.997508187284e-01 
9.997640279534e-01 
9.997598308834e-01 
9.997787443846e-01 
9.997582061294e-01 
9.997539620173e-01 
9.997738275994e-01 
9.997522822075e-01 
9.997479558363e-01 
9.997682775485e-01 
9.997462739082e-01 
9.997418401453e-01 
9.997626309119e-01 
9.997403229676e-01 
9.997356214461e-01 
9.997569357113e-01 
9.997711823052e-01 
9.997293171914e-01 
9.997510963306e-01 
9.997348172756e-01 
9.997228946697e-01 
9.997451795287e-01 
9.997285320681e-01 
9.997163767847e-01 
9.997391580391e-01 
9.997228736332e-01 
9.997099388829e-01 
9.997330449998e-01 
9.997164152960e-01 
9.997032077722e-01 
9.997268295251e-01 
9.997098426530e-01 
9.996963666150e-01 
9.997205102596e-01 
9.997430259464e-01 
9.996895003156e-01 
9.997140864679e-01 
9.997369926800e-01 
9.996824483550e-01 
9.997075692443e-01 
9.997308671046e-01 
9.996752952756e-01 
9.997011560206e-01 
9.997246504829e-01 
9.996688321453e-01 
9.996945054209e-01 
9.997183393014e-01 
9.996614787738e-01 
9.996877046062e-01 
9.997119355922e-01 
9.996722114727e-01 
9.996807949078e-01 
9.997054125151e-01 
9.996541638296e-01 
9.996737808210e-01 
9.996989938510e-01 
9.996648794821e-01 
9.996666587471e-01 
9.996922699174e-01 
9.996575642208e-01 
9.996594346423e-01 
9.996854444574e-01 
9.996501461363e-01 
9.996528830774e-01 
9.996785179648e-01 
9.996426892114e-01 
9.996454725879e-01 
9.996714875881e-01 
9.996350579079e-01 
9.996379653117e-01 
9.996643669700e-01 
9.996275231546e-01 
9.996303398899e-01 
9.996580619541e-01 
9.996196713547e-01 
9.996226642708e-01 
9.996507237336e-01 
9.996337551954e-01 
9.996148177463e-01 
9.996432781187e-01 
9.996260089621e-01 
9.996068659722e-01 
9.996364512159e-01 
9.996181557090e-01 
9.996059456120e-01 
9.996288683082e-01 
9.996101970674e-01 
9.995981206931e-01 
9.996211289686e-01 
9.996021222494e-01 
9.995899782730e-01 
9.996132895841e-01 
9.996131032865e-01 
9.995817184566e-01 
9.996053138344e-01 
9.996052051994e-01 
9.995733390897e-01 
9.995972193469e-01 
9.995971522149e-01 
9.995648545383e-01 
9.995892167173e-01 
9.995889717684e-01 
9.995562512927e-01 
9.995809096983e-01 
9.995814774932e-01 
9.995476305156e-01 
9.995724865002e-01 
9.995731042668e-01 
9.995434616603e-01 
9.995681292790e-01 
9.995688429676e-01 
9.995346033001e-01 
9.995595598876e-01 
9.995601556811e-01 
9.995254652127e-01 
9.995508526713e-01 
9.995517085676e-01 
9.995163744718e-01 
9.995420943379e-01 
9.995429477185e-01 
9.995071676842e-01 
9.995329761015e-01 
9.995340543436e-01 
9.994987857236e-01 
9.995239074065e-01 
9.995250363569e-01 
9.994893791836e-01 
9.995147160761e-01 
9.995157879188e-01 
9.994798441206e-01 
9.995124462551e-01 
9.995065354810e-01 
9.994704454575e-01 
9.995031277036e-01 
9.994971656923e-01 
9.995016265434e-01 
9.994937047057e-01 
9.994876795294e-01 
9.994921937181e-01 
9.994813240650e-01 
9.994828772172e-01 
9.994827777245e-01 
9.994789635062e-01 
9.994730962795e-01 
9.994779745040e-01 
9.994701372834e-01 
9.994633185456e-01 
9.994683920700e-01 
9.994605365659e-01 
9.994534188476e-01 
9.994585538617e-01 
9.994506318749e-01 
9.994431716779e-01 
9.994487339490e-01 
9.994405275505e-01 
9.994328286297e-01 
9.994387885290e-01 
9.994301408231e-01 
9.994225409766e-01 
9.994287277875e-01 
9.994197747219e-01 
9.994122022956e-01 
9.994185419426e-01 
9.994092809541e-01 
9.994019265323e-01 
9.994078091931e-01 
9.993986672151e-01 
9.993912861574e-01 
9.994025438045e-01 
9.993879173299e-01 
9.993814911214e-01 
9.993920517001e-01 
9.993822674694e-01 
9.993716264450e-01 
9.993643080941e-01 
9.993878939606e-01 
9.994407601356e-01 
9.994633462591e-01 
9.994248361921e-01 
9.994128865937e-01 
9.993958853325e-01 
9.993061278563e-01 
9.992012993282e-01 
9.989889054964e-01 
9.985714542781e-01 
9.978205772273e-01 
9.966316065044e-01 
9.948530196833e-01 
9.923315619845e-01 
9.889622482004e-01 
9.846122128545e-01 
9.791931971598e-01 
9.726251107744e-01 
9.648551452662e-01 
9.558638653572e-01 
9.456458578533e-01 
9.342107395453e-01 
9.216206202033e-01 
9.078735291624e-01 
8.931013042439e-01 
8.773339695596e-01 
8.606766798482e-01 
8.432117963968e-01 
8.250447659628e-01 
8.062730102402e-01 
7.869840252490e-01 
7.672833679754e-01 
7.472636087546e-01 
7.270032414945e-01 
7.065978705517e-01 
6.861244159004e-01 
6.656545520799e-01 
6.452504247076e-01 
6.249886655140e-01 
6.049142928782e-01 
5.850823332435e-01 
5.655440117840e-01 
5.463248133567e-01 
5.274787643177e-01 
5.090334599742e-01 
4.909947539299e-01 
4.734126416905e-01 
4.562970398848e-01 
4.396436433127e-01 
4.234850351395e-01 
4.078231865536e-01 
3.926585468102e-01 
3.779752942269e-01 
3.638017581104e-01 
3.501212716363e-01 
3.369178785324e-01 
3.242019237382e-01 
3.119549915828e-01 
3.001696242094e-01 
2.888289411080e-01 
2.779299159001e-01 
2.674579342102e-01 
2.573946305268e-01 
2.477349203050e-01 
2.384635083070e-01 
2.295616372672e-01 
2.210234075313e-01 
2.128336622424e-01 
2.049747993071e-01 
1.974393058392e-01 
1.902140560249e-01 
1.832824281751e-01 
1.766375994526e-01 
1.702649515100e-01 
1.641522689798e-01 
1.582919857764e-01 
1.526708982470e-01 
1.472782991333e-01 
1.421069791616e-01 
1.371453589790e-01 
1.323855066573e-01 
1.278165031248e-01 
1.234318713609e-01 
1.192240646805e-01 
1.151833158660e-01 
1.113035540414e-01 
1.075784209624e-01 
1.039994960294e-01 
1.005616860378e-01 
9.725787674359e-02 
9.408274735584e-02 
9.103096695820e-02 
8.809605376538e-02 
8.527420009713e-02 
8.256000661234e-02 
7.994816981037e-02 
7.743544947252e-02 
7.501700844488e-02 
7.268832180131e-02 
7.044650172662e-02 
6.828745750073e-02 
6.620723015541e-02 
6.420330800779e-02 
6.227214333706e-02 
6.041065918089e-02 
5.861562089748e-02 
5.688493594517e-02 
5.521567414954e-02 
5.360499667128e-02 
5.205104877087e-02 
5.055132063371e-02 
4.910334338435e-02 
4.770547498239e-02 
4.635554737957e-02 
4.505149766222e-02 
4.379167138380e-02 
4.257432123751e-02 
4.139768789392e-02 
4.026026174629e-02 
3.916052706851e-02 
3.809702848745e-02 
3.706823963693e-02 
3.607304527044e-02 
3.511003647963e-02 
3.417797886981e-02 
3.327582260198e-02 
3.240236359547e-02 
3.155655982363e-02 
3.073734556367e-02 
2.994379681042e-02 
2.917498363434e-02 
2.842991863317e-02 
2.770782655044e-02 
2.700783398884e-02 
2.632914194554e-02 
2.567103773346e-02 
2.503275214025e-02 
2.441360181053e-02 
2.381289055874e-02 
2.323000988618e-02 
2.266431363218e-02 
2.211520523180e-02 
2.158214127837e-02 
2.106454710969e-02 
2.056189811120e-02 
2.007370626552e-02 
1.959946556290e-02 
1.913871196504e-02 
1.869100306588e-02 
1.825590119643e-02 
1.783298429806e-02 
1.742185713393e-02 
1.702213510729e-02 
1.663344277870e-02 
1.625542862980e-02 
1.588774390649e-02 
1.553005906100e-02 
1.518205629764e-02 
1.484342441319e-02 
1.451386871590e-02 
1.419310343883e-02 
1.388086198938e-02 
1.357686461451e-02 
1.328086172314e-02 
1.299261656520e-02 
1.271187227593e-02 
1.243840934358e-02 
1.217201802990e-02 
1.191245900421e-02 
1.165953916896e-02 
1.141307715655e-02 
1.117284495765e-02 
1.093867500038e-02 
1.071038870700e-02 
1.048783070902e-02 
1.027079460976e-02 
1.005913885913e-02 
9.852730200293e-03 
9.651371991607e-03 
9.454939594330e-03 
9.263298107484e-03 
9.076300287226e-03 
8.893820260627e-03 
8.715728721688e-03 
8.541908244619e-03 
8.372227464897e-03 
8.206577532069e-03 
8.044850029153e-03 
7.886928616970e-03 
7.732710454925e-03 
7.582093975820e-03 
7.434989541587e-03 
7.291285932725e-03 
7.150899964677e-03 
7.013745276260e-03 
6.879726976918e-03 
6.748762832352e-03 
6.620773769286e-03 
6.495687854428e-03 
6.373411945615e-03 
6.253881027522e-03 
6.137029914696e-03 
6.022776218678e-03 
5.911055150835e-03 
5.801810659195e-03 
5.694968040221e-03 
5.590464900067e-03 
5.488245312610e-03 
5.388258549348e-03 
5.290437412050e-03 
5.194725384787e-03 
5.101081599355e-03 
5.009438593439e-03 
4.919758951794e-03 
4.831983741841e-03 
4.746078508798e-03 
4.661984308301e-03 
4.579660115849e-03 
4.499070304281e-03 
4.420157108314e-03 
4.342892785599e-03 
4.267236748083e-03 
4.193138103025e-03 
4.120570129886e-03 
4.049491142721e-03 
3.979874645871e-03 
3.911670530966e-03 
3.844855918954e-03 
3.779402715204e-03 
3.715260531775e-03 
3.652413498161e-03 
3.590822855687e-03 
3.530474037891e-03 
3.471317283545e-03 
3.413338443614e-03 
3.356513610952e-03 
3.300801317755e-03 
3.246182670802e-03 
3.192638183207e-03 
3.140145847965e-03 
3.088666831416e-03 
3.038188920927e-03 
2.988683894558e-03 
2.940134240790e-03 
2.892518267073e-03 
2.845816598437e-03 
2.800003109858e-03 
2.755063348444e-03 
2.710979746431e-03 
2.667725179593e-03 
2.625286316315e-03 
2.583646966905e-03 
2.542790886973e-03 
2.502693925325e-03 
2.463343651062e-03 
2.424725575572e-03 
2.386825370780e-03 
2.349620124961e-03 
2.313099804463e-03 
2.277254802200e-03 
2.242060660493e-03 
2.207507446211e-03 
2.173582462080e-03 
2.140278440597e-03 
2.107570403512e-03 
2.075452528017e-03 
2.043915286164e-03 
2.012940497725e-03 
1.982517689492e-03 
1.952637187728e-03 
1.923292422733e-03 
1.894461586589e-03 
1.866140021013e-03 
1.838322222986e-03 
1.810989498353e-03 
1.784133516298e-03 
1.757746424664e-03 
1.731823645811e-03 
1.706348266185e-03 
1.681311733855e-03 
1.656707460508e-03 
1.632530960967e-03 
1.608768001430e-03 
1.585409697451e-03 
1.562454299175e-03 
1.539885474018e-03 
1.517702428341e-03 
1.495892579025e-03 
1.474455692400e-03 
1.453375435223e-03 
1.432651967231e-03 
1.412277350700e-03 
1.392238921563e-03 
1.372536612167e-03 
1.353160490703e-03 
1.334109097258e-03 
1.315368586214e-03 
1.296938874644e-03 
1.278810789024e-03 
1.260984860526e-03 
1.243445565320e-03 
1.226194360370e-03 
1.209226716576e-03 
1.192531242444e-03 
1.176105095246e-03 
1.159946072206e-03 
1.144049990905e-03 
1.128406201733e-03 
1.113012256790e-03 
1.097870606980e-03 
1.082964265123e-03 
1.068296002588e-03 
1.053860099880e-03 
1.039658650362e-03 
