1.379870095273e-09 
1.097443577549e-09 
1.650339444454e-09 
2.535799677475e-09 
3.546450106657e-09 
5.073283017419e-09 
7.022911290543e-09 
9.130346281832e-09 
1.077339724720e-08 
1.285818403177e-08 
1.475545702475e-08 
1.712866375418e-08 
1.938813638419e-08 
2.214099429536e-08 
2.459609172994e-08 
2.786362913573e-08 
3.076655619719e-08 
3.440700892122e-08 
3.740153807378e-08 
4.131418810516e-08 
4.517781253269e-08 
4.928791851478e-08 
5.349257188866e-08 
5.750931632289e-08 
6.223798661405e-08 
6.797487285638e-08 
7.136504014980e-08 
7.717782713701e-08 
8.318845097823e-08 
8.834030825721e-08 
1.001566466837e-07 
1.019404337593e-07 
1.075167164897e-07 
1.141542004766e-07 
1.233252670614e-07 
1.456086806908e-07 
1.441265841356e-07 
1.482324138404e-07 
1.617513526454e-07 
1.707455769920e-07 
1.842946404080e-07 
1.814583151887e-07 
2.296081130735e-07 
2.407633877219e-07 
2.318120809674e-07 
2.527120237474e-07 
2.339031841884e-07 
2.534507558506e-07 
2.982606143904e-07 
2.914461004322e-07 
3.609640873380e-07 
3.433491847191e-07 
3.448057826090e-07 
3.953788220640e-07 
3.493272036260e-07 
4.613601638772e-07 
4.819278574669e-07 
4.477309794182e-07 
4.662032358252e-07 
5.701347639821e-07 
5.436863263688e-07 
6.075142851499e-07 
6.108686337968e-07 
6.895713987866e-07 
6.826027796590e-07 
6.402308024371e-07 
6.475402687441e-07 
8.349338432793e-07 
8.559148758011e-07 
8.673717909470e-07 
8.841871049844e-07 
8.009887693994e-07 
8.565826628167e-07 
9.219529035804e-07 
9.050699757611e-07 
9.581301323895e-07 
1.078226318323e-06 
9.958629187351e-07 
1.053214824188e-06 
1.187663915369e-06 
1.155158191405e-06 
1.226485149092e-06 
1.405930319031e-06 
1.405893458270e-06 
1.482245151580e-06 
1.496524594018e-06 
1.182168421977e-06 
1.662935691368e-06 
1.717142473862e-06 
1.662889315049e-06 
1.814710118902e-06 
1.661556708947e-06 
1.983075367571e-06 
2.059894260161e-06 
2.040236039956e-06 
2.084722357590e-06 
2.127165932223e-06 
1.983761642059e-06 
2.238894498888e-06 
2.474411371289e-06 
2.095244240616e-06 
2.415111842444e-06 
2.625682262171e-06 
2.317857205403e-06 
2.097432143774e-06 
2.733931931072e-06 
2.736926832764e-06 
2.462539637464e-06 
2.604508308629e-06 
3.011295746856e-06 
2.716999076205e-06 
2.885025122267e-06 
3.295049295168e-06 
2.950744533214e-06 
3.156174469379e-06 
3.643359123447e-06 
3.162383683104e-06 
3.379128751086e-06 
3.950987603764e-06 
3.454417310263e-06 
3.612377054239e-06 
4.196315387858e-06 
3.804728974386e-06 
4.021834365963e-06 
4.615879241659e-06 
4.220274422082e-06 
4.188268981302e-06 
4.206555379535e-06 
4.619395125257e-06 
4.767220373946e-06 
4.634430233523e-06 
5.077899221973e-06 
5.100710766476e-06 
5.077685689942e-06 
5.419996068675e-06 
5.481015612522e-06 
5.409700793537e-06 
5.169695119758e-06 
5.768951680247e-06 
5.845887801839e-06 
5.575697716074e-06 
6.441581434073e-06 
6.361508222106e-06 
6.088623485278e-06 
7.052080649687e-06 
6.869211099224e-06 
6.599195503592e-06 
6.929338529242e-06 
7.715564461557e-06 
7.201834491705e-06 
7.558906827302e-06 
8.255810017461e-06 
7.890453260508e-06 
7.973566495185e-06 
7.334039538811e-06 
8.298350403665e-06 
8.760504663777e-06 
7.753752936173e-06 
9.120343180289e-06 
9.229404194465e-06 
9.495424869575e-06 
9.509488619452e-06 
9.900421329461e-06 
8.519116085697e-06 
7.522427984088e-06 
1.070780415683e-05 
9.146254759923e-06 
8.098464655837e-06 
1.149505255527e-05 
9.854252371930e-06 
8.790036830592e-06 
1.158004781380e-05 
1.038930827081e-05 
9.028841390976e-06 
1.208277495906e-05 
1.123633531318e-05 
9.977825433920e-06 
1.040960362234e-05 
1.204826187987e-05 
1.022597040479e-05 
1.121259255083e-05 
1.294421228870e-05 
1.102523769079e-05 
1.164300488979e-05 
1.362139368341e-05 
1.186942443534e-05 
1.224622037281e-05 
1.462742550933e-05 
1.275902901641e-05 
1.314443338501e-05 
1.270963626028e-05 
1.341549399263e-05 
1.411595426622e-05 
1.323819805480e-05 
1.437914151758e-05 
1.503890276369e-05 
1.426700253156e-05 
1.541528887992e-05 
1.610516139834e-05 
1.482773518526e-05 
1.634334437696e-05 
1.684556438187e-05 
1.583465944613e-05 
1.700476784607e-05 
1.791408336516e-05 
1.691121804696e-05 
1.779418072143e-05 
1.814300880115e-05 
1.797238701923e-05 
1.649711200173e-05 
1.892794326095e-05 
1.884826305220e-05 
1.761645427669e-05 
1.982626686015e-05 
2.009728418736e-05 
1.871652653559e-05 
2.111154828415e-05 
2.096503687862e-05 
1.955324538379e-05 
2.242734682351e-05 
2.192196039403e-05 
2.043722020124e-05 
2.330638850195e-05 
2.306599196009e-05 
2.152791403396e-05 
2.451701104493e-05 
2.438631928249e-05 
2.250373309550e-05 
2.559115431409e-05 
2.546811864001e-05 
2.378487120290e-05 
2.446886257782e-05 
2.697596707525e-05 
2.523916324175e-05 
2.583886973001e-05 
2.862204694352e-05 
2.672022244860e-05 
2.734980158463e-05 
2.957636850305e-05 
2.772268061488e-05 
2.838227125624e-05 
3.116164524335e-05 
2.930655775243e-05 
2.996139640204e-05 
3.304392830018e-05 
3.107363414548e-05 
3.169752528746e-05 
3.212248156519e-05 
3.268916180158e-05 
3.273768164557e-05 
3.321354026949e-05 
3.372124704806e-05 
3.441063810568e-05 
3.505560787152e-05 
3.559568256825e-05 
3.634147253573e-05 
3.688395152093e-05 
2.695715122418e-05 
3.825004933364e-05 
3.200429452965e-05 
2.792522686443e-05 
3.944822111372e-05 
3.312256718245e-05 
2.941837674498e-05 
4.164337048098e-05 
3.482629270271e-05 
4.028416590965e-05 
4.380249294985e-05 
3.608680622709e-05 
3.190800643231e-05 
4.506748167095e-05 
3.801751734002e-05 
3.211278851679e-05 
4.714733123031e-05 
3.990834179873e-05 
3.377654719304e-05 
3.614861352024e-05 
4.180606290358e-05 
3.491842482203e-05 
3.751446238986e-05 
4.301257985029e-05 
3.661626160996e-05 
3.933886990523e-05 
4.512446759761e-05 
3.835787161052e-05 
5.345777016759e-05 
4.673158237161e-05 
4.019258293304e-05 
4.244754994938e-05 
4.886822081933e-05 
4.173541108523e-05 
4.266847242049e-05 
5.117629686755e-05 
4.367254620426e-05 
4.465085346147e-05 
5.349984314654e-05 
4.490076370121e-05 
4.630676814242e-05 
5.490992799085e-05 
4.699517976154e-05 
4.837731373030e-05 
5.340255244824e-05 
4.911162769992e-05 
5.053631852415e-05 
5.529085219309e-05 
5.120391310101e-05 
5.192369543439e-05 
5.766959571132e-05 
5.258235539312e-05 
5.419240166830e-05 
6.216960347280e-05 
5.484072107930e-05 
5.652275286986e-05 
5.258423132799e-05 
5.677848925328e-05 
5.882914315664e-05 
5.399861826655e-05 
5.919109328237e-05 
6.028994792426e-05 
5.629214013044e-05 
6.166654644903e-05 
6.337441957605e-05 
5.853577785810e-05 
6.422037425972e-05 
6.492717856247e-05 
6.096454241898e-05 
6.579684275623e-05 
6.757452402078e-05 
6.303972570155e-05 
6.843280185499e-05 
7.029539306673e-05 
6.559412651577e-05 
6.127010392185e-05 
7.309634865772e-05 
6.720956638904e-05 
7.198866203025e-05 
7.474529251856e-05 
6.988131884948e-05 
7.434299505935e-05 
7.754086136162e-05 
7.258453134215e-05 
6.691540593885e-05 
8.053637358747e-05 
7.540059811411e-05 
7.900040104617e-05 
7.896661904634e-05 
7.829484387163e-05 
7.120740978523e-05 
8.195587188107e-05 
7.998714343312e-05 
7.394084365548e-05 
8.502920390028e-05 
8.298819921053e-05 
7.675051262928e-05 
8.628794196687e-05 
8.558791713087e-05 
7.953079318048e-05 
9.009182841182e-05 
8.874351299970e-05 
8.247548181522e-05 
9.143635036802e-05 
9.194198742167e-05 
8.550992245714e-05 
9.473285051887e-05 
9.525172012816e-05 
8.816304876346e-05 
9.799082630424e-05 
9.863687927172e-05 
9.013557074300e-05 
1.014556016032e-04 
1.021180099586e-04 
9.313516507284e-05 
9.442729386716e-05 
1.042842786515e-04 
9.642938293905e-05 
9.726637048828e-05 
1.077582756492e-04 
9.980232648598e-05 
1.006433971444e-04 
1.094483834904e-04 
1.032588106591e-04 
1.041072411339e-04 
1.131593923840e-04 
1.066708310043e-04 
1.063707919927e-04 
1.169635329551e-04 
1.102394084024e-04 
1.099735245189e-04 
1.202651546150e-04 
1.125997434999e-04 
1.136548141764e-04 
1.242324828638e-04 
1.163560060004e-04 
1.173753014436e-04 
1.282849313762e-04 
1.184236001085e-04 
1.210920334823e-04 
1.324178811670e-04 
1.217503861032e-04 
1.250308656066e-04 
1.350012768340e-04 
1.256897795671e-04 
1.273178400767e-04 
1.392911612070e-04 
1.297264169061e-04 
1.316872957823e-04 
1.325491630673e-04 
1.338541436060e-04 
1.340608465862e-04 
1.367285907423e-04 
1.380203585933e-04 
1.376823011253e-04 
1.409845016478e-04 
1.423257924196e-04 
1.419634103343e-04 
1.435640013382e-04 
1.450007406310e-04 
1.462956736159e-04 
1.479709566330e-04 
1.494434305768e-04 
1.507631284939e-04 
1.508904383984e-04 
1.539849952127e-04 
1.553050709434e-04 
1.547633285696e-04 
1.145998126310e-04 
1.597936844579e-04 
1.593765206354e-04 
1.170783276598e-04 
1.628595369665e-04 
1.640998513093e-04 
1.206660120316e-04 
1.676584886115e-04 
1.689135858233e-04 
1.233141551545e-04 
1.725468735982e-04 
1.718690186865e-04 
1.266535817225e-04 
1.756029918944e-04 
1.470712137548e-04 
1.304734869499e-04 
1.806484945181e-04 
1.513811897051e-04 
1.341484931489e-04 
1.857920059573e-04 
1.557689308884e-04 
1.782869258925e-04 
1.910252252551e-04 
1.602113622446e-04 
1.831539162868e-04 
1.963653063085e-04 
1.647775329760e-04 
1.393930874594e-04 
2.010532948735e-04 
1.694421151780e-04 
1.434129156898e-04 
2.065551854852e-04 
1.741915279982e-04 
1.475477753575e-04 
1.565007305092e-04 
1.790206544902e-04 
1.517624502407e-04 
1.609319753972e-04 
1.839470743314e-04 
1.560610936279e-04 
1.654097042163e-04 
1.883577936024e-04 
1.604289966430e-04 
1.700134320981e-04 
1.934552017411e-04 
1.648950139167e-04 
1.746905014455e-04 
1.984375062306e-04 
1.694508543789e-04 
2.304468214231e-04 
2.037075224549e-04 
1.740945304879e-04 
1.772943511724e-04 
2.090699556701e-04 
1.788234621698e-04 
1.820999538456e-04 
2.145426957784e-04 
1.830947597516e-04 
1.869911105500e-04 
2.201081765581e-04 
1.878451407260e-04 
1.919757799792e-04 
2.257630253029e-04 
1.928256337499e-04 
1.969961461293e-04 
2.166669848237e-04 
1.978947862087e-04 
2.021615395332e-04 
2.222381262548e-04 
2.030589120064e-04 
2.074163836248e-04 
2.278933090935e-04 
2.083135761275e-04 
2.126179077374e-04 
2.336059583835e-04 
2.136643015565e-04 
2.174762263912e-04 
2.467824494176e-04 
2.190921521657e-04 
2.230081755664e-04 
2.528587002664e-04 
2.246348296180e-04 
2.286188960302e-04 
2.433552027280e-04 
2.302322409228e-04 
2.343459638871e-04 
2.491789273918e-04 
2.359699530223e-04 
2.401669454831e-04 
2.212537840080e-04 
2.417916696489e-04 
2.460357013198e-04 
2.261704848756e-04 
2.477154794774e-04 
2.520417664518e-04 
2.317204379345e-04 
2.537236620742e-04 
2.581573364782e-04 
2.373669724798e-04 
2.596744842205e-04 
2.643759094267e-04 
2.430620675160e-04 
2.288157353344e-04 
2.706800330137e-04 
2.489013373275e-04 
2.651800653045e-04 
2.771024176960e-04 
2.548180238647e-04 
2.714651416835e-04 
2.836201600440e-04 
2.608393930485e-04 
2.771234557540e-04 
2.900579176040e-04 
2.669523071434e-04 
2.835816517226e-04 
2.967888736792e-04 
2.731676512544e-04 
2.901541474812e-04 
3.036298698598e-04 
2.794867807975e-04 
2.569715673415e-04 
3.104960038006e-04 
2.859104308297e-04 
2.630047121565e-04 
3.175477903729e-04 
2.924275073108e-04 
2.691301611024e-04 
3.247006889020e-04 
2.988405826987e-04 
2.753466512339e-04 
3.311636522712e-04 
3.054910250115e-04 
2.816576958333e-04 
3.385168292933e-04 
3.122916747993e-04 
2.880612628374e-04 
3.277844162276e-04 
3.192012017393e-04 
2.945841914717e-04 
3.458315771339e-04 
3.262151103723e-04 
3.010027060244e-04 
3.351162164663e-04 
3.333369991876e-04 
3.077264793400e-04 
3.424312820203e-04 
3.405609117855e-04 
3.145517726790e-04 
3.498491633691e-04 
3.471122986190e-04 
3.214780921358e-04 
3.573058793024e-04 
3.545225822038e-04 
3.285082888582e-04 
3.649369640364e-04 
3.620296451080e-04 
3.356287204969e-04 
3.724714964606e-04 
3.696548451923e-04 
3.419335678034e-04 
3.803230609735e-04 
3.773302360944e-04 
3.492715875659e-04 
3.662396421523e-04 
3.851765221777e-04 
3.567169942635e-04 
3.739856474202e-04 
3.931280491740e-04 
3.635437019294e-04 
3.818386640413e-04 
3.940483814869e-04 
3.711263882346e-04 
3.897970606221e-04 
4.018730513225e-04 
3.788654967076e-04 
3.978716243514e-04 
4.100152064668e-04 
3.867046417884e-04 
3.868909339967e-04 
4.182747483892e-04 
3.946801425756e-04 
3.947887744447e-04 
4.266538306736e-04 
4.027743716946e-04 
4.028415018988e-04 
4.351380876626e-04 
4.107767403370e-04 
4.110216814201e-04 
4.437410281859e-04 
4.190834824416e-04 
4.185157069991e-04 
4.523614931400e-04 
4.275063936177e-04 
4.268886486312e-04 
4.565301954970e-04 
4.318634643171e-04 
4.311498008205e-04 
4.653882248232e-04 
4.404325541019e-04 
4.398367820014e-04 
4.745259635691e-04 
4.491394573071e-04 
4.482835922605e-04 
4.836163502228e-04 
4.578974689662e-04 
4.570441202457e-04 
4.928227714971e-04 
4.670153632001e-04 
4.659371621096e-04 
5.012043921086e-04 
4.760837105051e-04 
4.749548038367e-04 
5.106105428602e-04 
4.852746810545e-04 
4.842028807214e-04 
5.201452032314e-04 
4.875444118838e-04 
4.934549493654e-04 
5.295434613765e-04 
4.968625887396e-04 
5.028243564726e-04 
4.983636878088e-04 
5.062852000669e-04 
5.123101251211e-04 
5.077961246840e-04 
5.186653208413e-04 
5.171122342831e-04 
5.172117226072e-04 
5.210257783631e-04 
5.268927526353e-04 
5.220147378380e-04 
5.298516199379e-04 
5.366700586744e-04 
5.315967565753e-04 
5.394519145660e-04 
5.465693144617e-04 
5.414345298594e-04 
5.493561606343e-04 
5.568160170672e-04 
5.512539995132e-04 
5.594600217648e-04 
5.671585840463e-04 
5.611989617825e-04 
5.698462632235e-04 
5.774457485724e-04 
5.712592309045e-04 
5.802118694362e-04 
5.877839287714e-04 
5.814445879588e-04 
5.907051259850e-04 
5.980591843324e-04 
5.921768130666e-04 
6.013183374087e-04 
6.086990226008e-04 
5.974419389266e-04 
6.120676774426e-04 
6.184935540056e-04 
6.079335149259e-04 
6.177172347203e-04 
6.283567471706e-04 
6.356711890540e-04 
6.120795423886e-04 
5.592070999885e-04 
5.366111581688e-04 
5.750885517939e-04 
5.867968537509e-04 
6.016674387013e-04 
6.800771560354e-04 
7.442356030154e-04 
8.462597406431e-04 
1.018951808933e-03 
1.302311275325e-03 
1.694443243724e-03 
2.228806229029e-03 
2.936794195801e-03 
3.808115721970e-03 
4.868923013723e-03 
6.117029691609e-03 
7.560381813659e-03 
9.199683765127e-03 
1.102373589367e-02 
1.302714378647e-02 
1.520863809484e-02 
1.753386418106e-02 
2.004333299287e-02 
2.266407585555e-02 
2.542933396670e-02 
2.830890697825e-02 
3.130057104622e-02 
3.438409842895e-02 
3.754764670682e-02 
4.078993762483e-02 
4.409131164866e-02 
4.744059087033e-02 
5.083743338147e-02 
5.426139552035e-02 
5.770387843827e-02 
6.115485465335e-02 
6.460972301862e-02 
6.804564556131e-02 
7.146024770090e-02 
7.483965027866e-02 
7.816817095619e-02 
8.144781035765e-02 
8.465048229577e-02 
8.776965813241e-02 
9.081325548607e-02 
9.374606130764e-02 
9.656804460918e-02 
9.928755902595e-02 
1.018773508402e-01 
1.043379408197e-01 
1.066678370304e-01 
1.088776096262e-01 
1.109404551677e-01 
1.128665114807e-01 
1.146634803371e-01 
1.163183348317e-01 
1.178400315257e-01 
1.192290232523e-01 
1.204922045303e-01 
1.216264661311e-01 
1.226372290454e-01 
1.235322777744e-01 
1.243100849152e-01 
1.249766482641e-01 
1.255401112321e-01 
1.259998814761e-01 
1.263621011091e-01 
1.266344227951e-01 
1.268176096210e-01 
1.269168903999e-01 
1.269395180413e-01 
1.268862351742e-01 
1.267633847436e-01 
1.265758176700e-01 
1.263250898895e-01 
1.260168629903e-01 
1.256553196334e-01 
1.252421247069e-01 
1.247821450420e-01 
1.242780062712e-01 
1.237341580089e-01 
1.231522053932e-01 
1.225349824611e-01 
1.218863380512e-01 
1.212078859816e-01 
1.205019164039e-01 
1.197715857818e-01 
1.190182469949e-01 
1.182445102084e-01 
1.174520719046e-01 
1.166425842692e-01 
1.158182509910e-01 
1.149801414400e-01 
1.141300467357e-01 
1.132695992323e-01 
1.123996994813e-01 
1.115218257204e-01 
1.106373103135e-01 
1.097469249945e-01 
1.088518563134e-01 
1.079531925153e-01 
1.070515807894e-01 
1.061479820303e-01 
1.052431811754e-01 
1.043379838358e-01 
1.034329027021e-01 
1.025286519311e-01 
1.016258675285e-01 
1.007249830293e-01 
9.982656353022e-02 
9.893109847570e-02 
9.803895673324e-02 
9.715057817277e-02 
9.626633131718e-02 
9.538653410732e-02 
9.451150579011e-02 
9.364153563043e-02 
9.277688541947e-02 
9.191778831730e-02 
9.106447761702e-02 
9.021710777995e-02 
8.937592090973e-02 
8.854103353070e-02 
8.771257253863e-02 
8.689074300107e-02 
8.607560894234e-02 
8.526724233176e-02 
8.446580103690e-02 
8.367133852883e-02 
8.288387165599e-02 
8.210353423238e-02 
8.133036110291e-02 
8.056435812960e-02 
7.980555009145e-02 
7.905400003474e-02 
7.830968812756e-02 
7.757263960711e-02 
7.684283227913e-02 
7.612029915942e-02 
7.540500281396e-02 
7.469692026655e-02 
7.399608069966e-02 
7.330241507690e-02 
7.261589790321e-02 
7.193654436109e-02 
7.126427560108e-02 
7.059905369890e-02 
6.994087515255e-02 
6.928968273228e-02 
6.864541125554e-02 
6.800801121882e-02 
6.737747198087e-02 
6.675371339052e-02 
6.613667668586e-02 
6.552633898960e-02 
6.492263475527e-02 
6.432545877679e-02 
6.373483407611e-02 
6.315065858272e-02 
6.257286868601e-02 
6.200139811206e-02 
6.143621969245e-02 
6.087724811203e-02 
6.032441382222e-02 
5.977769404376e-02 
5.923699184007e-02 
5.870221965550e-02 
5.817339103302e-02 
5.765040034116e-02 
5.713313191019e-02 
5.662162950512e-02 
5.611577618742e-02 
5.561550372662e-02 
5.512071717316e-02 
5.463143985663e-02 
5.414756322912e-02 
5.366897702489e-02 
5.319571404808e-02 
5.272767188771e-02 
5.226476401863e-02 
5.180697404811e-02 
5.135421674958e-02 
5.090643827125e-02 
5.046355723748e-02 
5.002555707283e-02 
4.959235508031e-02 
4.916388331868e-02 
4.874010725839e-02 
4.832096550259e-02 
4.790640082750e-02 
4.749633205129e-02 
4.709074976444e-02 
4.668957295842e-02 
4.629274078398e-02 
4.590021875139e-02 
4.551195170873e-02 
4.512788011553e-02 
4.474793557635e-02 
4.437210753075e-02 
4.400032268787e-02 
4.363251618200e-02 
4.326866555236e-02 
4.290871757577e-02 
4.255260270139e-02 
4.220029408570e-02 
4.185174944703e-02 
4.150691193267e-02 
4.116572097300e-02 
4.082814980204e-02 
4.049416097090e-02 
4.016368468459e-02 
3.983670616149e-02 
3.951315629499e-02 
3.919301573421e-02 
3.887621685869e-02 
3.856273925203e-02 
3.825253736691e-02 
3.794555773240e-02 
3.764178573809e-02 
3.734115716081e-02 
3.704363914738e-02 
3.674920992057e-02 
3.645781276619e-02 
3.616942054186e-02 
3.588398191727e-02 
3.560148315740e-02 
3.532187056909e-02 
3.504510360793e-02 
3.477117526449e-02 
3.450002513011e-02 
3.423163595540e-02 
3.396594944494e-02 
3.370296462525e-02 
3.344262668386e-02 
3.318490182447e-02 
3.292977733325e-02 
3.267721378568e-02 
3.242716954970e-02 
3.217961433600e-02 
3.193453649864e-02 
3.169189105435e-02 
3.145165879981e-02 
3.121380258877e-02 
3.097829445987e-02 
3.074510386415e-02 
3.051421317215e-02 
3.028558526437e-02 
3.005919028742e-02 
2.983501629011e-02 
2.961302799871e-02 
2.939319632107e-02 
2.917549395381e-02 
2.895990788841e-02 
2.874640604058e-02 
2.853496078837e-02 
2.832554574164e-02 
2.811814971778e-02 
2.791274055291e-02 
2.770928650056e-02 
2.750778178800e-02 
2.730819717964e-02 
2.711050867620e-02 
2.691468409598e-02 
2.672072200774e-02 
2.652858935772e-02 
2.633826066310e-02 
2.614972468536e-02 
2.596295908927e-02 
2.577794040827e-02 
2.559464117183e-02 
2.541305921349e-02 
2.523316512390e-02 
2.505493175371e-02 
2.487835354939e-02 
2.470340956341e-02 
2.453007804341e-02 
2.435833293782e-02 
2.418816796085e-02 
2.401956516457e-02 
2.385250307458e-02 
2.368695797933e-02 
2.352292116184e-02 
2.336037752857e-02 
2.319930047572e-02 
2.303968632573e-02 
2.288150791946e-02 
2.272475774283e-02 
2.256940871910e-02 
2.241545906846e-02 
2.226288206427e-02 
2.211166513214e-02 
2.196180149031e-02 
2.181326628393e-02 
2.166605065432e-02 
2.152013305825e-02 
2.137551025182e-02 
2.123215924201e-02 
2.109007145846e-02 
2.094922370719e-02 
2.080961708911e-02 
2.067122761604e-02 
2.053404144460e-02 
2.039805381138e-02 
2.026324906456e-02 
2.012960983195e-02 
1.999712311746e-02 
1.986578417983e-02 
1.973557809010e-02 
1.960648220979e-02 
1.947850284531e-02 
1.935161743754e-02 
1.922581665052e-02 
1.910107976982e-02 
