1.416858423059e+04 
3.552122555212e+04 
4.664108957932e+04 
3.778196126674e+04 
3.380700465445e+04 
3.387170549175e+04 
3.545555174795e+04 
3.404005816407e+04 
3.351606113035e+04 
3.341756662239e+04 
3.284311154386e+04 
3.583459299205e+04 
3.612237005213e+04 
3.627002508373e+04 
3.534668825428e+04 
3.655737020928e+04 
3.685454209344e+04 
3.760262363125e+04 
3.791422411279e+04 
4.047274564951e+04 
3.952158348327e+04 
4.239774384250e+04 
4.096364233095e+04 
4.183277480116e+04 
4.185671316888e+04 
4.216702585358e+04 
4.181352788829e+04 
4.314967697644e+04 
4.528634471082e+04 
4.398542273243e+04 
4.579008057484e+04 
4.663484881183e+04 
4.468253161904e+04 
4.664693297441e+04 
4.545253541267e+04 
4.733833907331e+04 
4.696597575196e+04 
4.667840306324e+04 
4.743740749663e+04 
4.701550677010e+04 
4.940552810170e+04 
4.920332793407e+04 
4.794372087329e+04 
4.991407106990e+04 
4.854349052479e+04 
5.033062349247e+04 
5.071063279289e+04 
5.003741489323e+04 
5.003551923691e+04 
4.919479416275e+04 
5.066259868569e+04 
5.114268127226e+04 
4.963083281750e+04 
5.137039419722e+04 
5.025768666801e+04 
5.140780800924e+04 
5.196666254806e+04 
5.164577556471e+04 
5.223382417202e+04 
5.104772899526e+04 
5.236232255260e+04 
5.226900409002e+04 
5.229555672305e+04 
5.255662833889e+04 
5.195271773663e+04 
5.228479967196e+04 
5.293422629394e+04 
5.255100679403e+04 
5.462643827848e+04 
5.567220701173e+04 
5.431820957974e+04 
5.500445264269e+04 
5.444429017804e+04 
5.390957313557e+04 
5.593939577311e+04 
5.430919067568e+04 
5.413781925301e+04 
5.580122177317e+04 
5.516425444595e+04 
5.590615706131e+04 
5.759409511376e+04 
5.648394941314e+04 
5.669728553477e+04 
5.932440153337e+04 
5.715724227952e+04 
5.886959622512e+04 
5.979298404185e+04 
5.825004873395e+04 
5.829459263703e+04 
5.986465238250e+04 
5.864283781031e+04 
5.850032684237e+04 
5.973705533710e+04 
5.872841854222e+04 
5.885425691461e+04 
5.941749220954e+04 
5.848848232960e+04 
5.976389231726e+04 
5.934960542800e+04 
5.859650898027e+04 
5.841150856453e+04 
5.975321070938e+04 
5.973086096751e+04 
6.076788674269e+04 
6.042110733768e+04 
5.999584963515e+04 
6.070587434587e+04 
6.170582877419e+04 
6.078719300734e+04 
6.106115201626e+04 
6.183711876350e+04 
6.128731452133e+04 
6.116929681739e+04 
6.187674712650e+04 
6.136347952977e+04 
6.159848251726e+04 
6.207546092257e+04 
6.093537517769e+04 
6.127778550959e+04 
6.163992590272e+04 
6.076380822022e+04 
6.147991073997e+04 
6.181525630886e+04 
6.137642655154e+04 
6.197782968116e+04 
6.242057306300e+04 
6.160283047543e+04 
6.202364017382e+04 
6.265185463955e+04 
6.213172918028e+04 
6.234882079891e+04 
6.304638874107e+04 
6.250313948092e+04 
6.241737049142e+04 
6.311957133191e+04 
6.258579366671e+04 
6.270913215282e+04 
6.332303396653e+04 
6.278600790814e+04 
6.296539933950e+04 
6.350618505869e+04 
6.296399059449e+04 
6.318481848784e+04 
6.369561417838e+04 
6.314432722775e+04 
6.334499041411e+04 
6.389438544838e+04 
6.332904528096e+04 
6.345777257486e+04 
6.407172221034e+04 
6.350846077739e+04 
6.355123439413e+04 
6.420737988422e+04 
6.362638874633e+04 
6.361901734725e+04 
6.428579194759e+04 
6.370713897718e+04 
6.368563795195e+04 
6.433782573395e+04 
6.376361494909e+04 
6.375946350465e+04 
6.439367152674e+04 
6.382228117058e+04 
6.383491661153e+04 
6.446685500173e+04 
6.389567973217e+04 
6.390237157819e+04 
6.455319125738e+04 
6.398044822514e+04 
6.395752857217e+04 
6.463827813337e+04 
6.406396283517e+04 
6.400135820288e+04 
6.470675285855e+04 
6.413307177422e+04 
6.403874243322e+04 
6.475523224839e+04 
6.418358616923e+04 
6.407443018668e+04 
6.479042435638e+04 
6.422098478364e+04 
6.411057831550e+04 
6.482289454437e+04 
6.449805404384e+04 
6.414563726120e+04 
6.485914024104e+04 
6.453403887472e+04 
6.417698901996e+04 
6.489989890859e+04 
6.457471820879e+04 
6.420188558338e+04 
6.493950877756e+04 
6.461503929430e+04 
6.421976078536e+04 
6.383736225957e+04 
6.464836230880e+04 
6.423209447859e+04 
6.387064372041e+04 
6.467113397174e+04 
6.424143257958e+04 
6.389094838327e+04 
6.468480142226e+04 
6.424847808790e+04 
6.390414585662e+04 
6.469369627905e+04 
6.425356571936e+04 
6.391688104653e+04 
6.470185548013e+04 
6.425559124841e+04 
6.393214133487e+04 
6.471045552329e+04 
6.425332995391e+04 
6.394809189067e+04 
6.471768109585e+04 
6.424629922739e+04 
6.396029741741e+04 
6.472053477406e+04 
6.423493859722e+04 
6.396548152643e+04 
6.499433666618e+04 
6.426501254872e+04 
6.394816057097e+04 
6.498153634405e+04 
6.426290757552e+04 
6.394617682724e+04 
6.497875644340e+04 
6.425227639053e+04 
6.396261200030e+04 
6.498405496155e+04 
6.423329723696e+04 
6.397990900769e+04 
6.498481888958e+04 
6.420674894562e+04 
6.398057438543e+04 
6.496987873428e+04 
6.417439920856e+04 
6.395857028779e+04 
6.493952393749e+04 
6.414037534686e+04 
6.392265658646e+04 
6.490049713575e+04 
6.410635530386e+04 
6.388586853026e+04 
6.486199339902e+04 
6.407144635605e+04 
6.385691080346e+04 
6.482864827061e+04 
6.403341720208e+04 
6.383545184152e+04 
6.479872883176e+04 
6.399061461718e+04 
6.381415224277e+04 
6.476636910461e+04 
6.394275123226e+04 
6.378431102789e+04 
6.472627749606e+04 
6.389042420142e+04 
6.374338192983e+04 
6.467781307945e+04 
6.383693912160e+04 
6.369489966344e+04 
6.462387134107e+04 
6.378217343528e+04 
6.364402338317e+04 
6.456875950919e+04 
6.372638838243e+04 
6.394148525533e+04 
6.451409108333e+04 
6.367228711004e+04 
6.389153609296e+04 
6.445940030868e+04 
6.361363860851e+04 
6.384497327543e+04 
6.440628507621e+04 
6.355143255701e+04 
6.418591310522e+04 
6.435166115522e+04 
6.348283024474e+04 
6.413340978759e+04 
6.429216428430e+04 
6.341445663421e+04 
6.407136430675e+04 
6.460427709689e+04 
6.337657139791e+04 
6.428708250573e+04 
6.380645133763e+04 
6.333015913872e+04 
6.506201887954e+04 
6.621809290922e+04 
6.412135033666e+04 
6.488266714206e+04 
6.644204743825e+04 
6.616084033978e+04 
6.423352169672e+04 
6.406862936858e+04 
6.479267883770e+04 
6.421194314837e+04 
6.453389962432e+04 
6.572011345968e+04 
6.452619704682e+04 
6.399185275515e+04 
6.393701529201e+04 
6.635339466173e+04 
6.547596559252e+04 
6.411619402938e+04 
6.426093265672e+04 
6.556888151140e+04 
6.496360935435e+04 
6.455128283992e+04 
6.479753311968e+04 
6.540081130779e+04 
6.433665766878e+04 
6.479175218111e+04 
6.557626985880e+04 
6.633822440680e+04 
6.430435789303e+04 
6.307070723795e+04 
6.466931721671e+04 
6.447750658359e+04 
6.346488098917e+04 
6.411535575114e+04 
6.393853478427e+04 
6.325630102667e+04 
6.451161906160e+04 
6.488850469917e+04 
6.482558437321e+04 
6.329238074596e+04 
6.261851071303e+04 
6.397158098334e+04 
6.371989402352e+04 
6.323982900807e+04 
6.374935915564e+04 
6.384802040840e+04 
6.325016236271e+04 
6.421675720267e+04 
6.478513833968e+04 
6.491764714915e+04 
6.323349407765e+04 
6.295552263897e+04 
6.364342550843e+04 
6.348694591620e+04 
6.266750358892e+04 
6.344464938806e+04 
6.381523212099e+04 
6.269115916170e+04 
6.336904708759e+04 
6.421014712298e+04 
6.404089755000e+04 
6.260076015231e+04 
6.222428272748e+04 
6.316484030351e+04 
6.277670752785e+04 
6.207763676181e+04 
6.273170641652e+04 
6.279988585288e+04 
6.223345039728e+04 
6.292850890862e+04 
6.359419082142e+04 
6.369402258716e+04 
6.205707871715e+04 
6.175001609217e+04 
6.270370456318e+04 
6.231033776145e+04 
6.156390159670e+04 
6.234872808021e+04 
6.268971282446e+04 
6.173669650027e+04 
6.238450704638e+04 
6.328486717926e+04 
6.322168072045e+04 
6.150789323697e+04 
6.133953377842e+04 
6.218958904936e+04 
6.175557240487e+04 
6.096076243423e+04 
6.173982392040e+04 
6.179860380984e+04 
6.166614203282e+04 
6.211358274571e+04 
6.324421078736e+04 
6.237695678558e+04 
6.153528290594e+04 
6.212696592225e+04 
6.334751031047e+04 
6.196377540871e+04 
6.097653252977e+04 
6.208974699353e+04 
6.155573458157e+04 
6.152478842761e+04 
6.104002124208e+04 
6.263968551713e+04 
6.180624459479e+04 
6.178377204678e+04 
6.033800192101e+04 
5.980997130837e+04 
6.108058893566e+04 
6.078264469047e+04 
6.024577081281e+04 
6.207350503610e+04 
6.139538669721e+04 
6.161801446342e+04 
6.017406603797e+04 
6.008367440579e+04 
6.114092761165e+04 
6.060392604604e+04 
5.990799972763e+04 
6.109885181010e+04 
6.067230424965e+04 
6.073087763356e+04 
5.973896353204e+04 
6.001399250086e+04 
6.078313579520e+04 
6.162621790576e+04 
6.036435870327e+04 
5.955856407072e+04 
5.945003008736e+04 
6.081636652066e+04 
6.024745531386e+04 
5.879762274031e+04 
5.869502478579e+04 
5.976709622664e+04 
5.901702529341e+04 
5.859522249106e+04 
6.031950528470e+04 
5.974288040994e+04 
5.996611429605e+04 
5.883406999989e+04 
5.860858282555e+04 
5.882271572429e+04 
5.957152681177e+04 
5.915350603376e+04 
5.793481415534e+04 
5.807007497616e+04 
5.904575426309e+04 
5.827134282187e+04 
5.765472695213e+04 
5.837075814949e+04 
5.956730255409e+04 
5.947739705426e+04 
5.834935255435e+04 
5.763825008713e+04 
5.789696395408e+04 
5.923266501671e+04 
5.843355068849e+04 
5.690877386780e+04 
5.672990851343e+04 
5.811240611757e+04 
5.738616039328e+04 
5.689438333601e+04 
5.729644742567e+04 
5.803562053658e+04 
5.819046144559e+04 
5.709344375037e+04 
5.675354361694e+04 
5.649821290334e+04 
5.811250410875e+04 
5.738052134088e+04 
5.606576868540e+04 
5.548734591387e+04 
5.720371774034e+04 
5.665389410088e+04 
5.585371926464e+04 
5.662053788929e+04 
5.743734496081e+04 
5.775136696831e+04 
5.648070517545e+04 
5.598465280309e+04 
5.600429760805e+04 
5.747201520418e+04 
5.670945707875e+04 
5.530535320902e+04 
5.514443142498e+04 
5.657966384700e+04 
5.618852703740e+04 
5.527772536095e+04 
5.565512645895e+04 
5.588495839648e+04 
5.702084625638e+04 
5.571291352582e+04 
5.507555605526e+04 
5.571943750042e+04 
5.612280649713e+04 
5.545698057022e+04 
5.479318589971e+04 
5.541096690960e+04 
5.536661951116e+04 
5.645292106866e+04 
5.524305719059e+04 
5.436488426677e+04 
5.397733958927e+04 
5.627350848663e+04 
5.547038946932e+04 
5.446759475591e+04 
5.457516044262e+04 
5.444798874306e+04 
5.530653740557e+04 
5.486406471377e+04 
5.364081003672e+04 
5.522313326413e+04 
5.458053182647e+04 
5.477423579713e+04 
5.384227684036e+04 
5.381258537878e+04 
5.368127389652e+04 
5.473921707103e+04 
5.413146058035e+04 
5.304921282277e+04 
5.303715172373e+04 
5.464731188469e+04 
5.389114244423e+04 
5.296944902437e+04 
5.337231051271e+04 
5.403064412369e+04 
5.406269152828e+04 
5.356768594339e+04 
5.265890887448e+04 
5.235368120657e+04 
5.434378481778e+04 
5.358435507713e+04 
5.282131336182e+04 
5.308364433171e+04 
5.373253742768e+04 
5.376435108349e+04 
5.320345284202e+04 
5.218418996524e+04 
5.261796219073e+04 
5.413970644494e+04 
5.337597684905e+04 
5.236261150747e+04 
5.243776329210e+04 
5.329509185261e+04 
5.336750086685e+04 
5.274613283961e+04 
5.166217588255e+04 
5.201882856882e+04 
5.361032528222e+04 
5.285706068170e+04 
5.186307961355e+04 
5.197551782652e+04 
5.277359162758e+04 
5.282774438235e+04 
5.223475325819e+04 
5.122651128615e+04 
5.130090140954e+04 
5.312282986204e+04 
5.237016279366e+04 
5.141609933667e+04 
5.160244446781e+04 
5.256446049225e+04 
5.238979636086e+04 
5.180781723744e+04 
5.082521568692e+04 
5.119429581441e+04 
5.273560609485e+04 
5.198681731698e+04 
5.101228485402e+04 
5.115484600305e+04 
5.220572578434e+04 
5.204810791187e+04 
5.143342571364e+04 
5.052607854101e+04 
5.089267279185e+04 
5.233924865927e+04 
5.159161167474e+04 
5.059461383549e+04 
5.069991475705e+04 
5.179487896182e+04 
5.165299001076e+04 
5.102389693301e+04 
5.011089372665e+04 
5.048359313209e+04 
5.191685691318e+04 
5.117942204309e+04 
5.018365948582e+04 
5.031569360014e+04 
5.138573477151e+04 
5.123771853698e+04 
5.061653659562e+04 
4.973114458491e+04 
5.006878286957e+04 
5.152652399030e+04 
5.078934614285e+04 
4.980789531335e+04 
4.995382083750e+04 
5.102246380531e+04 
5.087331963997e+04 
5.036084316738e+04 
4.948075343012e+04 
4.974054886000e+04 
5.117274399822e+04 
5.043357759463e+04 
4.944586454820e+04 
4.957020889830e+04 
5.067875000829e+04 
5.054044704428e+04 
5.000751505778e+04 
4.911075225710e+04 
4.941124124594e+04 
5.081526462429e+04 
5.007969483561e+04 
4.907825323484e+04 
4.920599612238e+04 
4.946335914773e+04 
5.030284203831e+04 
4.965292033154e+04 
4.875918173955e+04 
4.906277705303e+04 
5.046504893707e+04 
4.973832401319e+04 
4.874136385754e+04 
4.887711016803e+04 
4.998868648841e+04 
4.995348287560e+04 
4.930453903579e+04 
4.842490301319e+04 
4.872347411835e+04 
5.013334865769e+04 
4.939597320781e+04 
4.841322656924e+04 
4.855462314099e+04 
4.967794575827e+04 
4.963943883640e+04 
4.898298729920e+04 
4.809910313009e+04 
4.842496146135e+04 
4.982047171991e+04 
4.908463097027e+04 
4.809659657119e+04 
4.823194073525e+04 
4.853912381776e+04 
4.933461830713e+04 
4.878157322771e+04 
4.778150144895e+04 
4.812859887509e+04 
4.951229032517e+04 
4.877775269552e+04 
4.778863108866e+04 
4.792615178093e+04 
4.835096693230e+04 
4.903494359431e+04 
4.847314680719e+04 
4.748030320224e+04 
4.783080080134e+04 
4.921367257983e+04 
4.849218584080e+04 
4.749180051217e+04 
4.765689363912e+04 
4.805316499965e+04 
4.873683058918e+04 
4.817041952841e+04 
4.719266968695e+04 
4.754152504357e+04 
4.892975534504e+04 
4.820734905101e+04 
4.720887788565e+04 
4.736889451859e+04 
4.966366203244e+04 
5.156418669104e+04 
5.260679282285e+04 
5.209624877717e+04 
5.125631457829e+04 
5.032467434028e+04 
4.895987109599e+04 
4.768337316706e+04 
4.656496968064e+04 
4.615092116875e+04 
4.526837948780e+04 
4.479440980839e+04 
4.417118994604e+04 
4.366370150048e+04 
4.325829819164e+04 
4.294277992953e+04 
4.272651761550e+04 
4.255990917996e+04 
4.284021989187e+04 
4.277814106734e+04 
4.276241055842e+04 
4.278534918279e+04 
4.284009015973e+04 
4.292024442084e+04 
4.302034485487e+04 
4.320270636497e+04 
4.332607689608e+04 
4.350232811396e+04 
4.363189709353e+04 
4.375954290858e+04 
4.388188158959e+04 
4.399604675793e+04 
4.409947869764e+04 
4.418975646180e+04 
4.440083723536e+04 
4.445531504976e+04 
4.459126312374e+04 
4.460520974172e+04 
4.459915964472e+04 
4.457215647083e+04 
4.452364172730e+04 
4.445325537113e+04 
4.436067176875e+04 
4.447729337489e+04 
4.433192649459e+04 
4.433905196248e+04 
4.414421213456e+04 
4.392886986913e+04 
4.369389652536e+04 
4.343986241113e+04 
4.316755068612e+04 
4.287773830774e+04 
4.292597324701e+04 
4.258886400167e+04 
4.223742300879e+04 
4.213122257451e+04 
4.174212148157e+04 
4.134212918699e+04 
4.093222984794e+04 
4.051338925694e+04 
4.008655006136e+04 
3.965262774955e+04 
3.921250735900e+04 
3.876704085590e+04 
3.868215697713e+04 
3.821004854956e+04 
3.773566772333e+04 
3.725971515502e+04 
3.678284941338e+04 
3.630568781197e+04 
3.582880746934e+04 
3.535274654771e+04 
3.487800562714e+04 
3.440504917711e+04 
3.393430709283e+04 
3.346617626831e+04 
3.300102218268e+04 
3.253918048048e+04 
3.208095852999e+04 
3.162663694727e+04 
3.117647107626e+04 
3.073069241781e+04 
3.028951000270e+04 
2.985311170551e+04 
2.942166549769e+04 
2.899532063932e+04 
2.857420881038e+04 
2.815844518267e+04 
2.774812943444e+04 
2.734334671015e+04 
2.694416852791e+04 
2.655065363756e+04 
2.616284883220e+04 
2.578078971618e+04 
2.540450143225e+04 
2.503399935069e+04 
2.466928972296e+04 
2.431037030221e+04 
2.395723093291e+04 
2.360985411161e+04 
2.326821552054e+04 
2.293228453582e+04 
2.260202471157e+04 
2.227739424134e+04 
2.195834639778e+04 
2.164482995178e+04 
2.133678957170e+04 
2.103416620361e+04 
2.073689743313e+04 
2.044491782943e+04 
2.015815927208e+04 
1.987655126101e+04 
1.960002121020e+04 
1.932849472552e+04 
1.906189586698e+04 
1.880014739601e+04 
1.854317100799e+04 
1.829088755056e+04 
1.804321722799e+04 
1.780007979217e+04 
1.756139472051e+04 
1.732708138128e+04 
1.709705918678e+04 
1.687124773480e+04 
1.664956693885e+04 
1.643193714757e+04 
1.621827925392e+04 
1.600851479443e+04 
1.580256603913e+04 
1.560035607261e+04 
1.540180886661e+04 
1.520684934470e+04 
1.501540343943e+04 
1.482739814242e+04 
1.464276154785e+04 
1.446142288979e+04 
1.428331257371e+04 
1.410836220264e+04 
1.393650459836e+04 
1.376767381799e+04 
1.360180516630e+04 
1.343883520410e+04 
1.327870175310e+04 
1.312134389745e+04 
1.296670198227e+04 
1.281471760955e+04 
1.266533363152e+04 
1.251849414190e+04 
1.237414446508e+04 
1.223223114361e+04 
1.209270192415e+04 
1.195550574196e+04 
1.182059270429e+04 
1.168791407266e+04 
1.155742224432e+04 
1.142907073289e+04 
1.130281414840e+04 
1.117860817687e+04 
1.105640955939e+04 
1.093617607097e+04 
1.081786649914e+04 
1.070144062240e+04 
1.058685918862e+04 
1.047408389342e+04 
1.036307735862e+04 
1.025380311075e+04 
1.014622555979e+04 
1.004030997801e+04 
9.936022479111e+03 
9.833329997590e+03 
9.732200268383e+03 
9.632601806844e+03 
9.534503889037e+03 
9.437876532374e+03 
9.342690476620e+03 
9.248917165267e+03 
9.156528727282e+03 
9.065497959254e+03 
8.975798307923e+03 
8.887403853112e+03 
8.800289291050e+03 
8.714429918095e+03 
8.629801614856e+03 
8.546380830703e+03 
8.464144568675e+03 
8.383070370769e+03 
8.303136303618e+03 
8.224320944540e+03 
8.146603367964e+03 
8.069963132221e+03 
7.994380266690e+03 
7.919835259300e+03 
7.846309044376e+03 
7.773782990821e+03 
7.702238890630e+03 
7.631658947725e+03 
7.562025767104e+03 
7.493322344301e+03 
7.425532055140e+03 
7.358638645780e+03 
7.292626223053e+03 
7.227479245064e+03 
7.163182512074e+03 
7.099721157632e+03 
7.037080639968e+03 
6.975246733632e+03 
6.914205521370e+03 
6.853943386234e+03 
6.794447003921e+03 
6.735703335322e+03 
6.677699619296e+03 
6.620423365643e+03 
6.563862348276e+03 
6.508004598594e+03 
6.452838399037e+03 
6.398352276827e+03 
6.344534997884e+03 
6.291375560918e+03 
6.238863191683e+03 
6.186987337394e+03 
6.135737661302e+03 
6.085104037420e+03 
6.035076545395e+03 
5.985645465524e+03 
5.936801273909e+03 
5.888534637745e+03 
5.840836410736e+03 
5.793697628643e+03 
5.747109504950e+03 
5.701063426646e+03 
5.655550950128e+03 
5.610563797214e+03 
5.566093851259e+03 
5.522133153384e+03 
5.478673898797e+03 
5.435708433225e+03 
5.393229249429e+03 
5.351228983820e+03 
5.309700413161e+03 
5.268636451362e+03 
5.228030146351e+03 
5.187874677035e+03 
5.148163350337e+03 
5.108889598312e+03 
5.070046975337e+03 
5.031629155376e+03 
4.993629929312e+03 
4.956043202353e+03 
4.918862991501e+03 
4.882083423087e+03 
4.845698730370e+03 
4.809703251196e+03 
4.774091425715e+03 
4.738857794161e+03 
4.703996994680e+03 
4.669503761222e+03 
4.635372921477e+03 
4.601599394868e+03 
4.568178190592e+03 
4.535104405713e+03 
4.502373223292e+03 
4.469979910580e+03 
4.437919817236e+03 
4.406188373605e+03 
4.374781089028e+03 
4.343693550199e+03 
4.312921419557e+03 
4.282460433717e+03 
4.252306401947e+03 
4.222455204671e+03 
4.192902792011e+03 
4.163645182369e+03 
4.134678461036e+03 
4.105998778838e+03 
4.077602350811e+03 
4.049485454910e+03 
4.021644430746e+03 
3.994075678354e+03 
3.966775656993e+03 
3.939740883961e+03 
3.912967933457e+03 
3.886453435453e+03 
3.860194074597e+03 
3.834186589146e+03 
3.808427769918e+03 
3.782914459266e+03 
3.757643550084e+03 
3.732611984825e+03 
3.707816754551e+03 
3.683254897995e+03 
3.658923500650e+03 
3.634819693881e+03 
3.610940654047e+03 
3.587283601652e+03 
3.563845800509e+03 
3.540624556927e+03 
3.517617218910e+03 
3.494821175380e+03 
3.472233855413e+03 
3.449852727494e+03 
3.427675298783e+03 
3.405699114404e+03 
3.383921756748e+03 
3.362340844783e+03 
3.340954033391e+03 
3.319759012709e+03 
3.298753507491e+03 
3.277935276478e+03 
3.257302111789e+03 
3.236851838313e+03 
3.216582313127e+03 
3.196491424916e+03 
3.176577093411e+03 
3.156837268838e+03 
3.137269931376e+03 
3.117873090625e+03 
3.098644785093e+03 
3.079583081686e+03 
3.060686075207e+03 
3.041951887877e+03 
3.023378668850e+03 
3.004964593750e+03 
2.986707864211e+03 
2.968606707431e+03 
2.950659375730e+03 
2.932864146120e+03 
2.915219319884e+03 
2.897723222161e+03 
2.880374201541e+03 
2.863170629671e+03 
2.846110900858e+03 
2.829193431696e+03 
2.812416660688e+03 
2.795779047877e+03 
2.779279074490e+03 
2.762915242584e+03 
2.746686074703e+03 
2.730590113534e+03 
2.714625921578e+03 
2.698792080824e+03 
2.683087192431e+03 
2.667509876409e+03 
2.652058771317e+03 
2.636732533959e+03 
