9.999999999431e-01 
9.999999998793e-01 
9.999999997765e-01 
9.999999995379e-01 
9.999999992188e-01 
9.999999988769e-01 
9.999999985200e-01 
9.999999980098e-01 
9.999999974541e-01 
9.999999968504e-01 
9.999999961410e-01 
9.999999956831e-01 
9.999999949623e-01 
9.999999941729e-01 
9.999999931873e-01 
9.999999924335e-01 
9.999999915071e-01 
9.999999906135e-01 
9.999999896028e-01 
9.999999890010e-01 
9.999999876689e-01 
9.999999871266e-01 
9.999999855787e-01 
9.999999845352e-01 
9.999999832265e-01 
9.999999819535e-01 
9.999999804163e-01 
9.999999794085e-01 
9.999999786704e-01 
9.999999766905e-01 
9.999999758150e-01 
9.999999745670e-01 
9.999999721125e-01 
9.999999713001e-01 
9.999999690132e-01 
9.999999681643e-01 
9.999999661714e-01 
9.999999641596e-01 
9.999999626855e-01 
9.999999605020e-01 
9.999999599637e-01 
9.999999578530e-01 
9.999999549854e-01 
9.999999542312e-01 
9.999999511523e-01 
9.999999502764e-01 
9.999999483734e-01 
9.999999456287e-01 
9.999999433381e-01 
9.999999402604e-01 
9.999999391702e-01 
9.999999371927e-01 
9.999999333043e-01 
9.999999324866e-01 
9.999999288411e-01 
9.999999274314e-01 
9.999999254048e-01 
9.999999224161e-01 
9.999999203756e-01 
9.999999162679e-01 
9.999999150378e-01 
9.999999121154e-01 
9.999999092910e-01 
9.999999067270e-01 
9.999999029775e-01 
9.999999004315e-01 
9.999998983087e-01 
9.999998946953e-01 
9.999998945917e-01 
9.999998930055e-01 
9.999998879310e-01 
9.999998858025e-01 
9.999998817284e-01 
9.999998775883e-01 
9.999998776035e-01 
9.999998715753e-01 
9.999998678694e-01 
9.999998673766e-01 
9.999998628088e-01 
9.999998606795e-01 
9.999998602486e-01 
9.999998547224e-01 
9.999998515672e-01 
9.999998529309e-01 
9.999998452451e-01 
9.999998449714e-01 
9.999998431468e-01 
9.999998364131e-01 
9.999998327678e-01 
9.999998322904e-01 
9.999998259289e-01 
9.999998217645e-01 
9.999998206427e-01 
9.999998144610e-01 
9.999998107896e-01 
9.999998081307e-01 
9.999998018353e-01 
9.999998009042e-01 
9.999997957802e-01 
9.999997896728e-01 
9.999997849473e-01 
9.999997842915e-01 
9.999997799808e-01 
9.999997785064e-01 
9.999997732748e-01 
9.999997677336e-01 
9.999997653676e-01 
9.999997638167e-01 
9.999997567538e-01 
9.999997530878e-01 
9.999997509031e-01 
9.999997447226e-01 
9.999997397751e-01 
9.999997373803e-01 
9.999997311096e-01 
9.999997271813e-01 
9.999997240285e-01 
9.999997154362e-01 
9.999997117828e-01 
9.999997081863e-01 
9.999997001620e-01 
9.999996978007e-01 
9.999996940534e-01 
9.999996874241e-01 
9.999996846334e-01 
9.999996812425e-01 
9.999996730036e-01 
9.999996694940e-01 
9.999996667920e-01 
9.999996595218e-01 
9.999996551504e-01 
9.999996527240e-01 
9.999996451869e-01 
9.999996394668e-01 
9.999996370699e-01 
9.999996293608e-01 
9.999996244353e-01 
9.999996216592e-01 
9.999996137388e-01 
9.999996089841e-01 
9.999996058711e-01 
9.999995977258e-01 
9.999995930915e-01 
9.999995898234e-01 
9.999995814321e-01 
9.999995766304e-01 
9.999995735361e-01 
9.999995648710e-01 
9.999995596309e-01 
9.999995568591e-01 
9.999995479959e-01 
9.999995422166e-01 
9.999995396753e-01 
9.999995304999e-01 
9.999995243420e-01 
9.999995218773e-01 
9.999995124858e-01 
9.999995061327e-01 
9.999995036078e-01 
9.999994940076e-01 
9.999994876383e-01 
9.999994850293e-01 
9.999994752112e-01 
9.999994688299e-01 
9.999994662275e-01 
9.999994561774e-01 
9.999994496481e-01 
9.999994471877e-01 
9.999994368947e-01 
9.999994300604e-01 
9.999994278250e-01 
9.999994172866e-01 
9.999994100657e-01 
9.999994080356e-01 
9.999993972619e-01 
9.999993896912e-01 
9.999993877858e-01 
9.999993767818e-01 
9.999993689674e-01 
9.999993671109e-01 
9.999993558744e-01 
9.999993479097e-01 
9.999993460809e-01 
9.999993364574e-01 
9.999993265068e-01 
9.999993247440e-01 
9.999993149260e-01 
9.999993047375e-01 
9.999993031094e-01 
9.999992930977e-01 
9.999992825767e-01 
9.999992811344e-01 
9.999992709344e-01 
9.999992600149e-01 
9.999992490641e-01 
9.999992483792e-01 
9.999992370599e-01 
9.999992260783e-01 
9.999992253958e-01 
9.999992137306e-01 
9.999992026355e-01 
9.999992019894e-01 
9.999991900312e-01 
9.999991787811e-01 
9.999991781935e-01 
9.999991659631e-01 
9.999991545743e-01 
9.999991540434e-01 
9.999991415138e-01 
9.999991300449e-01 
9.999991295503e-01 
9.999991166684e-01 
9.999991051762e-01 
9.999991046960e-01 
9.999990914182e-01 
9.999990799219e-01 
9.999990794480e-01 
9.999990657635e-01 
9.999990542433e-01 
9.999990567650e-01 
9.999990402053e-01 
9.999990279604e-01 
9.999990307239e-01 
9.999990139468e-01 
9.999990014886e-01 
9.999990044378e-01 
9.999989872341e-01 
9.999989748785e-01 
9.999989778931e-01 
9.999989600612e-01 
9.999989479340e-01 
9.999989509467e-01 
9.999989324297e-01 
9.999989204384e-01 
9.999989234576e-01 
9.999989043541e-01 
9.999988922987e-01 
9.999988954147e-01 
9.999988758817e-01 
9.999988636072e-01 
9.999988668893e-01 
9.999988470326e-01 
9.999988345248e-01 
9.999988379942e-01 
9.999988177942e-01 
9.999988051703e-01 
9.999988087921e-01 
9.999987881340e-01 
9.999987755468e-01 
9.999987792639e-01 
9.999987580246e-01 
9.999987455552e-01 
9.999987493290e-01 
9.999987274560e-01 
9.999987150663e-01 
9.999987189071e-01 
9.999986964310e-01 
9.999986840316e-01 
9.999986879799e-01 
9.999986649951e-01 
9.999986524935e-01 
9.999986565819e-01 
9.999986331442e-01 
9.999986205253e-01 
9.999986247742e-01 
9.999986008804e-01 
9.999985938411e-01 
9.999985925806e-01 
9.999985682464e-01 
9.999985612349e-01 
9.999985599933e-01 
9.999985351378e-01 
9.999985282932e-01 
9.999985270384e-01 
9.999985015654e-01 
9.999985016705e-01 
9.999984936637e-01 
9.999984674735e-01 
9.999984679959e-01 
9.999984598073e-01 
9.999984329739e-01 
9.999984337538e-01 
9.999984322419e-01 
9.999983986299e-01 
9.999984042159e-01 
9.999983840732e-01 
9.999983637356e-01 
9.999983847999e-01 
9.999983946057e-01 
9.999983445808e-01 
9.999983476081e-01 
9.999983651918e-01 
9.999983488016e-01 
9.999983007923e-01 
9.999982859647e-01 
9.999982885830e-01 
9.999982655073e-01 
9.999982602432e-01 
9.999982719617e-01 
9.999982366568e-01 
9.999982139519e-01 
9.999982009269e-01 
9.999982379604e-01 
9.999982087621e-01 
9.999981687917e-01 
9.999981598292e-01 
9.999981751480e-01 
9.999981506084e-01 
9.999981298052e-01 
9.999981229663e-01 
9.999981237283e-01 
9.999980886200e-01 
9.999980863344e-01 
9.999980911395e-01 
9.999980953057e-01 
9.999980385686e-01 
9.999979977269e-01 
9.999980219446e-01 
9.999980051134e-01 
9.999979690004e-01 
9.999979716041e-01 
9.999979547823e-01 
9.999979257112e-01 
9.999979428906e-01 
9.999979390582e-01 
9.999979248692e-01 
9.999978749105e-01 
9.999978449583e-01 
9.999978657062e-01 
9.999978464574e-01 
9.999978212681e-01 
9.999978210177e-01 
9.999978103710e-01 
9.999977818622e-01 
9.999977933872e-01 
9.999977945900e-01 
9.999977847888e-01 
9.999977279729e-01 
9.999977070743e-01 
9.999977119346e-01 
9.999976942727e-01 
9.999976584124e-01 
9.999976659995e-01 
9.999976624338e-01 
9.999976178137e-01 
9.999976229032e-01 
9.999976322880e-01 
9.999976139780e-01 
9.999975596604e-01 
9.999975347265e-01 
9.999975478749e-01 
9.999975226536e-01 
9.999974879222e-01 
9.999974930972e-01 
9.999974809308e-01 
9.999974497536e-01 
9.999974563049e-01 
9.999974618035e-01 
9.999974505551e-01 
9.999973866663e-01 
9.999973625145e-01 
9.999973776460e-01 
9.999973508852e-01 
9.999973125321e-01 
9.999973228276e-01 
9.999973189314e-01 
9.999972736788e-01 
9.999972797872e-01 
9.999972937120e-01 
9.999972770189e-01 
9.999972063017e-01 
9.999971855512e-01 
9.999971989168e-01 
9.999971693205e-01 
9.999971269144e-01 
9.999971384272e-01 
9.999971251996e-01 
9.999971053606e-01 
9.999971054695e-01 
9.999971285929e-01 
9.999970839396e-01 
9.999970391482e-01 
9.999970445163e-01 
9.999970713490e-01 
9.999970077797e-01 
9.999969564630e-01 
9.999969811275e-01 
9.999969461513e-01 
9.999969292532e-01 
9.999968954328e-01 
9.999969383472e-01 
9.999968921620e-01 
9.999968754489e-01 
9.999968043652e-01 
9.999967673200e-01 
9.999968007338e-01 
9.999967729740e-01 
9.999967354813e-01 
9.999967903849e-01 
9.999967480928e-01 
9.999967405046e-01 
9.999966666164e-01 
9.999966463101e-01 
9.999966725783e-01 
9.999966343267e-01 
9.999965888644e-01 
9.999966212661e-01 
9.999965871085e-01 
9.999965727893e-01 
9.999965140920e-01 
9.999965088614e-01 
9.999965245246e-01 
9.999965428365e-01 
9.999964728232e-01 
9.999964206107e-01 
9.999963985211e-01 
9.999964410841e-01 
9.999963992091e-01 
9.999963166906e-01 
9.999962943450e-01 
9.999963257983e-01 
9.999962739480e-01 
9.999962365233e-01 
9.999962983434e-01 
9.999962545314e-01 
9.999962471758e-01 
9.999961764294e-01 
9.999961476672e-01 
9.999961399799e-01 
9.999961577880e-01 
9.999961198967e-01 
9.999960419242e-01 
9.999960303654e-01 
9.999960604256e-01 
9.999960037528e-01 
9.999959539487e-01 
9.999959719552e-01 
9.999960132789e-01 
9.999959906107e-01 
9.999959153603e-01 
9.999958597470e-01 
9.999958545676e-01 
9.999959048386e-01 
9.999958451470e-01 
9.999957448124e-01 
9.999957158117e-01 
9.999957717658e-01 
9.999957135276e-01 
9.999956671659e-01 
9.999956702127e-01 
9.999956915791e-01 
9.999956808912e-01 
9.999956008749e-01 
9.999955620856e-01 
9.999955277897e-01 
9.999955997848e-01 
9.999955392444e-01 
9.999954430955e-01 
9.999953883689e-01 
9.999954702635e-01 
9.999954182867e-01 
9.999953502909e-01 
9.999953764529e-01 
9.999954048683e-01 
9.999954034269e-01 
9.999953078629e-01 
9.999952572190e-01 
9.999952381054e-01 
9.999953073700e-01 
9.999952410485e-01 
9.999951324108e-01 
9.999951013093e-01 
9.999951720150e-01 
9.999951269262e-01 
9.999950475721e-01 
9.999950513455e-01 
9.999950454679e-01 
9.999950973325e-01 
9.999949925646e-01 
9.999949292117e-01 
9.999949510909e-01 
9.999949567245e-01 
9.999948914290e-01 
9.999948249669e-01 
9.999948459088e-01 
9.999948216052e-01 
9.999948735681e-01 
9.999947703711e-01 
9.999946871635e-01 
9.999946375167e-01 
9.999947768637e-01 
9.999947001972e-01 
9.999946073124e-01 
9.999945931971e-01 
9.999945620391e-01 
9.999946020187e-01 
9.999945483618e-01 
9.999944356751e-01 
9.999945304959e-01 
9.999944614487e-01 
9.999944536228e-01 
9.999943613449e-01 
9.999943365803e-01 
9.999943039076e-01 
9.999943620681e-01 
9.999942934427e-01 
9.999941859600e-01 
9.999941620344e-01 
9.999942653687e-01 
9.999941840272e-01 
9.999940873789e-01 
9.999940968646e-01 
9.999941264741e-01 
9.999941060991e-01 
9.999940433520e-01 
9.999939452465e-01 
9.999938959989e-01 
9.999940365890e-01 
9.999939518257e-01 
9.999938647643e-01 
9.999938633089e-01 
9.999938939931e-01 
9.999938732168e-01 
9.999938026070e-01 
9.999936907577e-01 
9.999937047108e-01 
9.999938105944e-01 
9.999937224367e-01 
9.999936101209e-01 
9.999935926241e-01 
9.999936438766e-01 
9.999936262164e-01 
9.999935474572e-01 
9.999934246978e-01 
9.999934329606e-01 
9.999935513579e-01 
9.999934602411e-01 
9.999933446095e-01 
9.999933303489e-01 
9.999933793508e-01 
9.999933597623e-01 
9.999932802388e-01 
9.999931592218e-01 
9.999931412308e-01 
9.999932884625e-01 
9.999931935044e-01 
9.999930766534e-01 
9.999930695497e-01 
9.999931370047e-01 
9.999930952826e-01 
9.999930136448e-01 
9.999928900797e-01 
9.999929016721e-01 
9.999930279208e-01 
9.999929295763e-01 
9.999928058616e-01 
9.999927945699e-01 
9.999928747232e-01 
9.999928334226e-01 
9.999927454028e-01 
9.999926248002e-01 
9.999926372031e-01 
9.999927599038e-01 
9.999926577797e-01 
9.999925265937e-01 
9.999925114171e-01 
9.999926006243e-01 
9.999925596832e-01 
9.999924667186e-01 
9.999923405434e-01 
9.999923548323e-01 
9.999924823950e-01 
9.999923772783e-01 
9.999922408194e-01 
9.999922285778e-01 
9.999923197101e-01 
9.999922768548e-01 
9.999921811443e-01 
9.999920530328e-01 
9.999920645651e-01 
9.999922012901e-01 
9.999920921167e-01 
9.999919518355e-01 
9.999919413029e-01 
9.999920368816e-01 
9.999919926351e-01 
9.999919060454e-01 
9.999917739992e-01 
9.999917772465e-01 
9.999919174357e-01 
9.999918039289e-01 
9.999916574242e-01 
9.999916444271e-01 
9.999917495730e-01 
9.999917053385e-01 
9.999916132092e-01 
9.999914740066e-01 
9.999914831178e-01 
9.999916264338e-01 
9.999915091235e-01 
9.999913552148e-01 
9.999913427265e-01 
9.999913466889e-01 
9.999914232101e-01 
9.999913132868e-01 
9.999911691666e-01 
9.999911797062e-01 
9.999913294853e-01 
9.999912089773e-01 
9.999910498191e-01 
9.999910384992e-01 
9.999911543854e-01 
9.999911209175e-01 
9.999910071306e-01 
9.999908595015e-01 
9.999908704321e-01 
9.999910280504e-01 
9.999909017753e-01 
9.999907385801e-01 
9.999907282057e-01 
9.999908510163e-01 
9.999908163646e-01 
9.999906975593e-01 
9.999905439296e-01 
9.999905597925e-01 
9.999907223517e-01 
9.999905918303e-01 
9.999904219283e-01 
9.999904108961e-01 
9.999904244421e-01 
9.999905063701e-01 
9.999903982122e-01 
9.999902224407e-01 
9.999902426949e-01 
9.999904106046e-01 
9.999902757131e-01 
9.999900995226e-01 
9.999900890064e-01 
9.999901211406e-01 
9.999901903932e-01 
9.999900773016e-01 
9.999898962689e-01 
9.999899185872e-01 
9.999900934927e-01 
9.999899557665e-01 
9.999897710955e-01 
9.999897641449e-01 
9.999897953833e-01 
9.999898672840e-01 
9.999897452119e-01 
9.999895494480e-01 
9.999896035504e-01 
9.999897705942e-01 
9.999895884344e-01 
9.999892579704e-01 
9.999890149465e-01 
9.999892277174e-01 
9.999900456718e-01 
9.999910916945e-01 
9.999917806160e-01 
9.999921874990e-01 
9.999913872048e-01 
9.999884915842e-01 
9.999795816637e-01 
9.999567077940e-01 
9.998206622229e-01 
9.996586267489e-01 
9.992623703506e-01 
9.987738973192e-01 
9.980525613793e-01 
9.970307565152e-01 
9.956349751907e-01 
9.937755465762e-01 
9.913986036487e-01 
9.865708775944e-01 
9.826754784476e-01 
9.780469392808e-01 
9.726331710867e-01 
9.663907579245e-01 
9.592867564202e-01 
9.512971430234e-01 
9.422769540126e-01 
9.324834473415e-01 
9.216764255461e-01 
9.101207719530e-01 
8.977235312011e-01 
8.845232934728e-01 
8.705646518162e-01 
8.558985107527e-01 
8.405831271434e-01 
8.242527626894e-01 
8.078139221041e-01 
7.905664164148e-01 
7.732742516929e-01 
7.556492459363e-01 
7.377599550990e-01 
7.196697115089e-01 
7.014397835190e-01 
6.831331100864e-01 
6.639844474375e-01 
6.457059528063e-01 
6.268884565573e-01 
6.088338520082e-01 
5.909509838577e-01 
5.732643228174e-01 
5.558144952436e-01 
5.386319609938e-01 
5.217494850108e-01 
5.040217656041e-01 
4.878703895557e-01 
4.720707761811e-01 
4.558832964472e-01 
4.408895331004e-01 
4.262713336175e-01 
4.120429296587e-01 
3.982085334526e-01 
3.847704004796e-01 
3.717290145558e-01 
3.590832677100e-01 
3.468306333002e-01 
3.342019162519e-01 
3.228032416381e-01 
3.117770684131e-01 
3.011170815632e-01 
2.908162785035e-01 
2.808670818761e-01 
2.712614427451e-01 
2.619909344261e-01 
2.530468372883e-01 
2.444202149382e-01 
2.361019822478e-01 
2.280829657292e-01 
2.203539567738e-01 
2.129057582863e-01 
2.057292252395e-01 
1.988152996664e-01 
1.921550405884e-01 
1.857396493584e-01 
1.795604908703e-01 
1.736091110611e-01 
1.678772511024e-01 
1.623568586482e-01 
1.570400964802e-01 
1.519193488581e-01 
1.469872258619e-01 
1.422365659804e-01 
1.376604371807e-01 
1.332521366678e-01 
1.290051895228e-01 
1.249133463869e-01 
1.209705803433e-01 
1.171710831280e-01 
1.135092607895e-01 
1.099797288996e-01 
1.065773074090e-01 
1.032970152249e-01 
1.001340645839e-01 
9.708385527855e-02 
9.414196879047e-02 
9.130416237686e-02 
8.856636314734e-02 
8.592466216537e-02 
8.337530860159e-02 
8.091470396286e-02 
7.853939641630e-02 
7.624607522434e-02 
7.403156530377e-02 
7.189282191907e-02 
6.982692551788e-02 
6.783107671476e-02 
6.590259142719e-02 
6.403889616676e-02 
6.223752348687e-02 
6.049610758723e-02 
5.881238007476e-02 
5.718416587925e-02 
5.560937932202e-02 
5.408602033485e-02 
5.261217082623e-02 
5.118599119160e-02 
4.980571696392e-02 
4.846965560066e-02 
4.717618340334e-02 
4.592374256531e-02 
4.471083834377e-02 
4.353603635157e-02 
4.239795996484e-02 
4.129528784191e-02 
4.022675154962e-02 
3.919113329274e-02 
3.818726374252e-02 
3.721401996032e-02 
3.627032341266e-02 
3.535513807363e-02 
3.446746861129e-02 
3.360635865426e-02 
3.277088913530e-02 
3.196017670835e-02 
3.117337223600e-02 
3.040965934417e-02 
2.966825304114e-02 
2.894839839799e-02 
2.824936928776e-02 
2.757046718065e-02 
2.691101999280e-02 
2.627038098617e-02 
2.564792771724e-02 
2.504306103224e-02 
2.445520410695e-02 
2.388380152882e-02 
2.332831841967e-02 
2.278823959697e-02 
2.226306877205e-02 
2.175232778342e-02 
2.125555586374e-02 
2.077230893871e-02 
2.030215895667e-02 
1.984469324720e-02 
1.939951390764e-02 
1.896623721616e-02 
1.854449307008e-02 
1.813392444848e-02 
1.773418689781e-02 
1.734494803950e-02 
1.696588709868e-02 
1.659669445288e-02 
1.623707119989e-02 
1.588672874397e-02 
1.554538839942e-02 
1.521278101091e-02 
1.488864658966e-02 
1.457273396486e-02 
1.426480044962e-02 
1.396461152073e-02 
1.367194051179e-02 
1.338656831883e-02 
1.310828311822e-02 
1.283688009601e-02 
1.257216118835e-02 
1.231393483251e-02 
1.206201572801e-02 
1.181622460731e-02 
1.157638801587e-02 
1.134233810093e-02 
1.111391240881e-02 
1.089095369030e-02 
1.067330971368e-02 
1.046083308529e-02 
1.025338107705e-02 
1.005081546086e-02 
9.853002349428e-03 
9.659812043311e-03 
9.471118883961e-03 
9.286801112409e-03 
9.106740733438e-03 
8.930823384973e-03 
8.758938212487e-03 
8.590977748208e-03 
8.426837794913e-03 
8.266417314147e-03 
8.109618318662e-03 
7.956345768907e-03 
7.806507473407e-03 
7.660013992866e-03 
7.516778547845e-03 
7.376716929875e-03 
7.239747415851e-03 
7.105790685584e-03 
6.974769742393e-03 
6.846609836592e-03 
6.721238391776e-03 
6.598584933783e-03 
6.478581022236e-03 
6.361160184548e-03 
6.246257852311e-03 
6.133811299953e-03 
6.023759585599e-03 
5.916043494025e-03 
5.810605481651e-03 
5.707389623456e-03 
5.606341561788e-03 
5.507408456951e-03 
5.410538939530e-03 
5.315683064374e-03 
5.222792266180e-03 
5.131819316616e-03 
5.042718282912e-03 
4.955444487893e-03 
4.869954471363e-03 
4.786205952817e-03 
4.704157795423e-03 
4.623769971216e-03 
4.545003527481e-03 
4.467820554252e-03 
4.392184152919e-03 
4.318058405873e-03 
4.245408347167e-03 
4.174199934147e-03 
4.104400020034e-03 
4.035976327398e-03 
3.968897422508e-03 
3.903132690528e-03 
3.838652311517e-03 
3.775427237214e-03 
3.713429168572e-03 
3.652630534026e-03 
3.593004468452e-03 
3.534524792812e-03 
3.477165994444e-03 
3.420903207983e-03 
3.365712196888e-03 
3.311569335559e-03 
3.258451592013e-03 
3.206336511112e-03 
3.155202198313e-03 
3.105027303928e-03 
3.055791007875e-03 
3.007473004908e-03 
2.960053490295e-03 
2.913513145948e-03 
2.867833126977e-03 
2.822995048652e-03 
2.778980973775e-03 
2.735773400425e-03 
2.693355250088e-03 
2.651709856132e-03 
2.610820952650e-03 
2.570672663617e-03 
2.531249492394e-03 
2.492536311530e-03 
2.454518352876e-03 
2.417181197994e-03 
2.380510768848e-03 
2.344493318769e-03 
2.309115423690e-03 
2.274363973639e-03 
2.240226164477e-03 
2.206689489879e-03 
2.173741733553e-03 
2.141370961681e-03 
2.109565515576e-03 
2.078314004561e-03 
2.047605299038e-03 
2.017428523772e-03 
1.987773051358e-03 
1.958628495874e-03 
1.929984706716e-03 
1.901831762615e-03 
1.874159965807e-03 
1.846959836385e-03 
1.820222106800e-03 
1.793937716516e-03 
1.768097806819e-03 
1.742693715765e-03 
1.717716973277e-03 
1.693159296369e-03 
1.669012584502e-03 
1.645268915081e-03 
1.621920539057e-03 
1.598959876663e-03 
1.576379513264e-03 
1.554172195312e-03 
1.532330826423e-03 
1.510848463554e-03 
1.489718313280e-03 
1.468933728178e-03 
1.448488203305e-03 
1.428375372769e-03 
1.408589006394e-03 
1.389123006476e-03 
1.369971404616e-03 
1.351128358648e-03 
1.332588149643e-03 
1.314345178988e-03 
1.296393965553e-03 
1.278729142918e-03 
1.261345456686e-03 
1.244237761856e-03 
1.227401020268e-03 
1.210830298118e-03 
1.194520763529e-03 
1.178467684193e-03 
1.162666425068e-03 
1.147112446137e-03 
1.131801300221e-03 
1.116728630855e-03 
1.101890170208e-03 
1.087281737065e-03 
1.072899234854e-03 
1.058738649725e-03 
1.044796048679e-03 
1.031067577741e-03 
1.017549460180e-03 
1.004237994776e-03 
9.911295541233e-04 
9.782205829857e-04 
9.655075966841e-04 
9.529871795285e-04 
9.406559832868e-04 
9.285107256927e-04 
