5.689151434853e-11 
1.206618484123e-10 
2.235040974179e-10 
4.620625954949e-10 
7.811668800383e-10 
1.123103256009e-09 
1.480043310927e-09 
1.990104214201e-09 
2.545886504068e-09 
3.149605173308e-09 
3.858826926320e-09 
4.316862975212e-09 
5.037667331779e-09 
5.826905300294e-09 
6.812463627021e-09 
7.566487765378e-09 
8.492899195520e-09 
9.386457234791e-09 
1.039716141905e-08 
1.099858740330e-08 
1.233105073281e-08 
1.287297420042e-08 
1.442080184046e-08 
1.546476440613e-08 
1.677347087249e-08 
1.804645737200e-08 
1.958297292684e-08 
2.059081276191e-08 
2.132957605217e-08 
2.330948135870e-08 
2.418420863575e-08 
2.543221042168e-08 
2.788745403417e-08 
2.869985516720e-08 
3.098681294585e-08 
3.183574621648e-08 
3.382751535137e-08 
3.583924107880e-08 
3.731330993060e-08 
3.949803656889e-08 
4.003629132448e-08 
4.214564665870e-08 
4.501318377750e-08 
4.576877304019e-08 
4.884772102114e-08 
4.972363445071e-08 
5.162657598697e-08 
5.437126767466e-08 
5.666188675594e-08 
5.973772080316e-08 
6.082982410235e-08 
6.280729996153e-08 
6.669361559263e-08 
6.751339252845e-08 
7.115891109348e-08 
7.256861313000e-08 
7.459518192802e-08 
7.758393629025e-08 
7.962439359040e-08 
8.373205901176e-08 
8.496221763105e-08 
8.788461801526e-08 
9.070896248246e-08 
9.327304326432e-08 
9.702249863598e-08 
9.956849090393e-08 
1.016912609131e-07 
1.053047102416e-07 
1.054083201521e-07 
1.069945061572e-07 
1.120690127647e-07 
1.141974876031e-07 
1.182715653750e-07 
1.224116751484e-07 
1.223964585248e-07 
1.284247093247e-07 
1.321306311954e-07 
1.326234237122e-07 
1.371911670587e-07 
1.393204540241e-07 
1.397513787912e-07 
1.452776379911e-07 
1.484328331134e-07 
1.470691086640e-07 
1.547549146885e-07 
1.550285534030e-07 
1.568531842621e-07 
1.635869234952e-07 
1.672322217983e-07 
1.677095710374e-07 
1.740710700993e-07 
1.782354722250e-07 
1.793573155217e-07 
1.855389672915e-07 
1.892103795808e-07 
1.918693378887e-07 
1.981647452987e-07 
1.990958045369e-07 
2.042197932451e-07 
2.103271877954e-07 
2.150526907877e-07 
2.157085077250e-07 
2.200192394148e-07 
2.214936049882e-07 
2.267251978675e-07 
2.322663497810e-07 
2.346324077093e-07 
2.361833456863e-07 
2.432462031018e-07 
2.469122153249e-07 
2.490969067054e-07 
2.552774040706e-07 
2.602249385183e-07 
2.626196802818e-07 
2.688903537304e-07 
2.728187162953e-07 
2.759714547361e-07 
2.845638020721e-07 
2.882171971539e-07 
2.918137247716e-07 
2.998379473705e-07 
3.021993421286e-07 
3.059465618260e-07 
3.125758844445e-07 
3.153666033181e-07 
3.187574511124e-07 
3.269964341668e-07 
3.305060124055e-07 
3.332080133296e-07 
3.404782413554e-07 
3.448496026689e-07 
3.472759831373e-07 
3.548130911073e-07 
3.605331713315e-07 
3.629301248654e-07 
3.706392038023e-07 
3.755646541390e-07 
3.783408030039e-07 
3.862612178644e-07 
3.910158869416e-07 
3.941288710633e-07 
4.022741942142e-07 
4.069084771554e-07 
4.101766283184e-07 
4.185678838546e-07 
4.233696009363e-07 
4.264638906717e-07 
4.351289747399e-07 
4.403690506452e-07 
4.431409245402e-07 
4.520041307330e-07 
4.577833824246e-07 
4.603246644406e-07 
4.695001030596e-07 
4.756579488552e-07 
4.781226438513e-07 
4.875141508718e-07 
4.938672585243e-07 
4.963922146703e-07 
5.059923891327e-07 
5.123616665577e-07 
5.149707394966e-07 
5.247888071654e-07 
5.311700976460e-07 
5.337725040866e-07 
5.438225667093e-07 
5.503518496731e-07 
5.528122974775e-07 
5.631052644584e-07 
5.699396125300e-07 
5.721750361525e-07 
5.827133872589e-07 
5.899343107284e-07 
5.919643927438e-07 
6.027380654036e-07 
6.103087989017e-07 
6.122141889392e-07 
6.232182270517e-07 
6.310325936502e-07 
6.328890533561e-07 
6.441255985754e-07 
6.520902862075e-07 
6.539191071923e-07 
6.635425546849e-07 
6.734931373039e-07 
6.752559377248e-07 
6.850739981475e-07 
6.952624672656e-07 
6.968905745902e-07 
7.069022887797e-07 
7.174233236245e-07 
7.188655845133e-07 
7.290656134877e-07 
7.399851064263e-07 
7.509358597858e-07 
7.516207911408e-07 
7.629400509361e-07 
7.739216459619e-07 
7.746041955218e-07 
7.862693663078e-07 
7.973644705045e-07 
7.980105984849e-07 
8.099687971819e-07 
8.212188715369e-07 
8.218064521386e-07 
8.340369207073e-07 
8.454256678648e-07 
8.459565404169e-07 
8.584861830058e-07 
8.699550950326e-07 
8.704496830945e-07 
8.833315675806e-07 
8.948237871541e-07 
8.953039589667e-07 
9.085818139938e-07 
9.200780428215e-07 
9.205519327634e-07 
9.342364581042e-07 
9.457567138636e-07 
9.432349710156e-07 
9.597946608258e-07 
9.720395956513e-07 
9.692760225548e-07 
9.860531721489e-07 
9.985113362689e-07 
9.955621198140e-07 
1.012765894180e-06 
1.025121448008e-06 
1.022106865850e-06 
1.039938723925e-06 
1.052065919453e-06 
1.049053308444e-06 
1.067570244190e-06 
1.079561515817e-06 
1.076542315538e-06 
1.095645839657e-06 
1.107701207118e-06 
1.104585283655e-06 
1.124118260742e-06 
1.136392708219e-06 
1.133110629351e-06 
1.152967356565e-06 
1.165475104797e-06 
1.162005791956e-06 
1.182205727166e-06 
1.194829599059e-06 
1.191207824564e-06 
1.211865911229e-06 
1.224453164012e-06 
1.220736021822e-06 
1.241975360075e-06 
1.254444713977e-06 
1.250670908163e-06 
1.272543967171e-06 
1.284933654344e-06 
1.281092795018e-06 
1.303568899437e-06 
1.315968356881e-06 
1.312020052457e-06 
1.335004822905e-06 
1.347506453267e-06 
1.343418004662e-06 
1.366855715427e-06 
1.379474639414e-06 
1.375225722593e-06 
1.399119573382e-06 
1.406158867081e-06 
1.407419287102e-06 
1.431753517905e-06 
1.438764996242e-06 
1.440006622550e-06 
1.464862160447e-06 
1.471706760056e-06 
1.472961525111e-06 
1.498434551889e-06 
1.498329391379e-06 
1.506336171948e-06 
1.532526443648e-06 
1.532003995668e-06 
1.540192603760e-06 
1.567026035176e-06 
1.566246077236e-06 
1.567757987961e-06 
1.601370007971e-06 
1.595784044549e-06 
1.615926713145e-06 
1.636264336851e-06 
1.615199964544e-06 
1.605394188878e-06 
1.655419086178e-06 
1.652391795801e-06 
1.634808073667e-06 
1.651198287241e-06 
1.699207550098e-06 
1.714035178916e-06 
1.711416855367e-06 
1.734492541917e-06 
1.739756657395e-06 
1.728038158313e-06 
1.763343038809e-06 
1.786047935563e-06 
1.799072940689e-06 
1.762039504313e-06 
1.791237780601e-06 
1.831208197131e-06 
1.840170660657e-06 
1.824851873708e-06 
1.849391473243e-06 
1.870194644753e-06 
1.877033591828e-06 
1.876271558412e-06 
1.911379878214e-06 
1.913665488473e-06 
1.908860333267e-06 
1.904694156859e-06 
1.961431215137e-06 
2.002272910534e-06 
1.978055232115e-06 
1.994886444048e-06 
2.030999411893e-06 
2.028395768102e-06 
2.045217504172e-06 
2.074288681370e-06 
2.057109280245e-06 
2.060941693080e-06 
2.075130606751e-06 
2.125089294390e-06 
2.155041573256e-06 
2.134293621792e-06 
2.153542461669e-06 
2.178731771766e-06 
2.178982144390e-06 
2.189628851052e-06 
2.218137632220e-06 
2.206612637841e-06 
2.205409819386e-06 
2.215210988882e-06 
2.272026940494e-06 
2.292925500268e-06 
2.288065241986e-06 
2.305727091012e-06 
2.341587412735e-06 
2.334000289088e-06 
2.337565979654e-06 
2.382186135698e-06 
2.377096585389e-06 
2.367711814160e-06 
2.386021812641e-06 
2.440339367252e-06 
2.465273310965e-06 
2.452124888257e-06 
2.477346201403e-06 
2.512077577670e-06 
2.506902595005e-06 
2.519068978219e-06 
2.550246132210e-06 
2.543694875388e-06 
2.538196263335e-06 
2.549444623631e-06 
2.613333430729e-06 
2.637485271493e-06 
2.622353716599e-06 
2.649114566388e-06 
2.687467672161e-06 
2.677172160828e-06 
2.681068336489e-06 
2.726320925745e-06 
2.720212525092e-06 
2.706287720518e-06 
2.722980880301e-06 
2.793697974651e-06 
2.814448528393e-06 
2.801082949111e-06 
2.830679225725e-06 
2.873085273616e-06 
2.861572536697e-06 
2.874800076225e-06 
2.894639122327e-06 
2.894530191584e-06 
2.871406787959e-06 
2.916060123969e-06 
2.960851477722e-06 
2.955483342356e-06 
2.928650678246e-06 
2.992219936987e-06 
3.043536622304e-06 
3.018872176785e-06 
3.053848339601e-06 
3.070746452558e-06 
3.104566861769e-06 
3.061652446978e-06 
3.107837638211e-06 
3.124550778645e-06 
3.195634433473e-06 
3.232679581802e-06 
3.199265789402e-06 
3.227025652314e-06 
3.264518329565e-06 
3.209614703482e-06 
3.251906769082e-06 
3.259494975027e-06 
3.333383235623e-06 
3.353689495366e-06 
3.327421321363e-06 
3.365672936179e-06 
3.411135204344e-06 
3.378733497288e-06 
3.412891076234e-06 
3.427210226957e-06 
3.485907516102e-06 
3.491138162098e-06 
3.475474935098e-06 
3.457163086182e-06 
3.527176378377e-06 
3.579388792219e-06 
3.601478397249e-06 
3.558915412631e-06 
3.600790442549e-06 
3.683308933190e-06 
3.705654507210e-06 
3.674201250895e-06 
3.726051545506e-06 
3.763476204782e-06 
3.701656137772e-06 
3.745468134962e-06 
3.752823644252e-06 
3.823570039862e-06 
3.852332300726e-06 
3.860019529069e-06 
3.842211472178e-06 
3.880102746133e-06 
3.958075195269e-06 
3.969633992357e-06 
3.939573881797e-06 
3.996246591176e-06 
4.046050727397e-06 
4.028044237634e-06 
3.986720525696e-06 
4.009388755172e-06 
4.084639124507e-06 
4.140252361630e-06 
4.145431795545e-06 
4.095160822272e-06 
4.154852407469e-06 
4.255186929933e-06 
4.284187681809e-06 
4.228233516409e-06 
4.286471717110e-06 
4.332833439073e-06 
4.329786658543e-06 
4.308420239217e-06 
4.319108097211e-06 
4.399124412592e-06 
4.437913661972e-06 
4.472209551164e-06 
4.400214516584e-06 
4.460754917083e-06 
4.556903720762e-06 
4.611630318923e-06 
4.529735812196e-06 
4.581712571552e-06 
4.649708277418e-06 
4.623546359195e-06 
4.595130963654e-06 
4.596572359080e-06 
4.692136315882e-06 
4.742780159702e-06 
4.761893740129e-06 
4.692629203180e-06 
4.758950671440e-06 
4.867588385161e-06 
4.898689844745e-06 
4.827984210806e-06 
4.873072918094e-06 
4.952427003269e-06 
4.948653595614e-06 
4.954531242127e-06 
4.902666658114e-06 
5.007434551774e-06 
5.070787397165e-06 
5.048908187072e-06 
5.043274583446e-06 
5.108570098383e-06 
5.175032142542e-06 
5.154090245355e-06 
5.178393836609e-06 
5.126431008528e-06 
5.229627905019e-06 
5.312835510305e-06 
5.362482313694e-06 
5.223135319408e-06 
5.299801761756e-06 
5.392686559093e-06 
5.406801848524e-06 
5.437959806372e-06 
5.397980244276e-06 
5.451637146457e-06 
5.564323801708e-06 
5.469502985554e-06 
5.538550155309e-06 
5.546376125514e-06 
5.638653994551e-06 
5.663418551841e-06 
5.696091200610e-06 
5.637930789702e-06 
5.706556145767e-06 
5.814038814553e-06 
5.837964367987e-06 
5.734630148025e-06 
5.815971577667e-06 
5.912619903028e-06 
5.903134126088e-06 
5.873524688287e-06 
5.893899677307e-06 
5.956646690480e-06 
6.054752220847e-06 
6.103999814901e-06 
5.963409741396e-06 
6.048173025722e-06 
6.135234360834e-06 
6.136689736294e-06 
6.106005590184e-06 
6.126781862162e-06 
6.197391587090e-06 
6.309240909656e-06 
6.295287757784e-06 
6.189404270709e-06 
6.277561904717e-06 
6.389877643634e-06 
6.407374391032e-06 
6.356121923421e-06 
6.373782186473e-06 
6.452541310843e-06 
6.575300694230e-06 
6.567037873044e-06 
6.448640602894e-06 
6.539757365642e-06 
6.655388912920e-06 
6.669649538840e-06 
6.620647589154e-06 
6.640236148651e-06 
6.719759621186e-06 
6.840776547682e-06 
6.858767531867e-06 
6.711535885451e-06 
6.806493997195e-06 
6.923344858764e-06 
6.930448603011e-06 
6.862993653970e-06 
6.904715734535e-06 
6.986353486758e-06 
7.109918476084e-06 
7.098326146500e-06 
6.972077432402e-06 
7.070421953750e-06 
7.194136589555e-06 
7.205428291225e-06 
7.125275010713e-06 
7.166575581801e-06 
7.254595329338e-06 
7.375197902408e-06 
7.362794983419e-06 
7.240094291980e-06 
7.342218343481e-06 
7.473404346994e-06 
7.488580933435e-06 
7.399373737827e-06 
7.440314825414e-06 
7.533279414536e-06 
7.659454492897e-06 
7.645165636783e-06 
7.517603029990e-06 
7.622719677734e-06 
7.759178495002e-06 
7.771420067991e-06 
7.680287830567e-06 
7.723143041585e-06 
7.818853484012e-06 
7.946964981145e-06 
7.935432637291e-06 
7.798707740661e-06 
7.907881100498e-06 
8.048162226942e-06 
8.058694834450e-06 
7.963116125246e-06 
8.007362594713e-06 
8.093952267318e-06 
8.225998389051e-06 
8.222751136421e-06 
8.082561984433e-06 
8.196068745171e-06 
8.342573322893e-06 
8.355570377089e-06 
8.250424626643e-06 
8.294659014265e-06 
8.386788274984e-06 
8.525990856380e-06 
8.516879667732e-06 
8.373563724989e-06 
8.490873920932e-06 
8.644782563948e-06 
8.657270802775e-06 
8.653308402239e-06 
8.576787271496e-06 
8.686710557182e-06 
8.830830648150e-06 
8.820291004004e-06 
8.670511980232e-06 
8.791019946149e-06 
8.950178047281e-06 
8.961497914894e-06 
8.845611771547e-06 
8.879079666313e-06 
8.992866543514e-06 
9.140495578468e-06 
9.129564943094e-06 
8.971946708855e-06 
9.098221774488e-06 
9.261416869879e-06 
9.271791210000e-06 
9.148980740382e-06 
9.183632405819e-06 
9.302437597889e-06 
9.456067259153e-06 
9.440204359376e-06 
9.277645252934e-06 
9.408166589896e-06 
9.578068450271e-06 
9.589100674936e-06 
9.575554632629e-06 
9.493626719073e-06 
9.601784490253e-06 
9.777555883279e-06 
9.757301726386e-06 
9.589392124588e-06 
9.724283520038e-06 
9.900473959916e-06 
9.910990104751e-06 
9.878855971381e-06 
9.809603339021e-06 
9.922694942891e-06 
1.010372753405e-05 
1.008140917287e-05 
9.906503854636e-06 
1.004422992658e-05 
1.022890077629e-05 
1.023585141071e-05 
1.020461302118e-05 
1.013271239606e-05 
1.025478438272e-05 
1.045054802249e-05 
1.039644576438e-05 
1.022940208722e-05 
1.041156163775e-05 
1.074202486796e-05 
1.098504760062e-05 
1.077227540607e-05 
9.954320079187e-06 
8.908293055120e-06 
8.219195281831e-06 
7.805707586369e-06 
8.357366308914e-06 
1.020979444960e-05 
1.527864700004e-05 
2.674132040685e-05 
8.841844809379e-05 
1.506578896879e-04 
2.944339912958e-04 
4.506513485943e-04 
6.650258829148e-04 
9.492780356004e-04 
1.315117276840e-03 
1.777592322564e-03 
2.340143228978e-03 
3.438104493422e-03 
4.268871374452e-03 
5.223910435909e-03 
6.308282407810e-03 
7.525806861077e-03 
8.878865444554e-03 
1.036890764737e-02 
1.202392580904e-02 
1.378777967363e-02 
1.571025118200e-02 
1.773790076473e-02 
1.989153138138e-02 
2.216586744957e-02 
2.455520434191e-02 
2.705320910095e-02 
2.965259175349e-02 
3.242472160706e-02 
3.520506778811e-02 
3.812618095468e-02 
4.105262467485e-02 
4.404003833993e-02 
4.707855685585e-02 
5.015871002578e-02 
5.327079579541e-02 
5.640424529387e-02 
5.968535003517e-02 
6.282552607109e-02 
6.605207481631e-02 
6.915814798832e-02 
7.223462963278e-02 
7.527376452908e-02 
7.826546410958e-02 
8.120094770713e-02 
8.407141565118e-02 
8.700294217345e-02 
8.970029030412e-02 
9.231238451455e-02 
9.487423347311e-02 
9.728303662899e-02 
9.959251455107e-02 
1.017992804013e-01 
1.039006420169e-01 
1.058945789318e-01 
1.077797122126e-01 
1.095552684894e-01 
1.112210395448e-01 
1.126473153374e-01 
1.140737533954e-01 
1.153947809972e-01 
1.166119384086e-01 
1.177270910328e-01 
1.187423879322e-01 
1.196602220749e-01 
1.204831926536e-01 
1.212140697270e-01 
1.218557613465e-01 
1.224112832618e-01 
1.228837312321e-01 
1.232762559240e-01 
1.235920403330e-01 
1.238342796356e-01 
1.240061633571e-01 
1.241108597213e-01 
1.241515020393e-01 
1.241311769888e-01 
1.240529146340e-01 
1.239196800347e-01 
1.237343663018e-01 
1.234997889567e-01 
1.232186814623e-01 
1.228936918006e-01 
1.225273799781e-01 
1.221222163501e-01 
1.216805806653e-01 
1.212047617354e-01 
1.206969576486e-01 
1.201592764485e-01 
1.195937372117e-01 
1.190022714596e-01 
1.183867248515e-01 
1.177488591075e-01 
1.170903541188e-01 
1.164128102055e-01 
1.157177504882e-01 
1.150066233438e-01 
1.142808049179e-01 
1.135416016734e-01 
1.127902529531e-01 
1.120279335412e-01 
1.112557562095e-01 
1.104747742343e-01 
1.096859838759e-01 
1.088903268113e-01 
1.080886925128e-01 
1.072819205679e-01 
1.064708029357e-01 
1.056560861358e-01 
1.048384733686e-01 
1.040186265637e-01 
1.031971683575e-01 
1.023746839971e-01 
1.015517231724e-01 
1.007288017765e-01 
9.990640359473e-02 
9.908498192363e-02 
9.826496112165e-02 
9.744673809260e-02 
9.663068370388e-02 
9.581714414118e-02 
9.500644220156e-02 
9.419887852699e-02 
9.339473278036e-02 
9.259426476589e-02 
9.179771549616e-02 
9.100530820775e-02 
9.021724932749e-02 
8.943372939142e-02 
8.865492391834e-02 
8.788099423993e-02 
8.711208828942e-02 
8.634834135043e-02 
8.558987676802e-02 
8.483680662349e-02 
8.408923237467e-02 
8.334724546335e-02 
8.261092789133e-02 
8.188035276669e-02 
8.115558482154e-02 
8.043668090288e-02 
7.972369043763e-02 
7.901665587330e-02 
7.831561309536e-02 
7.762059182266e-02 
7.693161598170e-02 
7.624870406117e-02 
7.557186944746e-02 
7.490112074228e-02 
7.423646206326e-02 
7.357789332834e-02 
7.292541052487e-02 
7.227900596415e-02 
7.163866852220e-02 
7.100438386743e-02 
7.037613467589e-02 
6.975390083482e-02 
6.913765963500e-02 
6.852738595259e-02 
6.792305242089e-02 
6.732462959268e-02 
6.673208609350e-02 
6.614538876653e-02 
6.556450280921e-02 
6.498939190243e-02 
6.442001833230e-02 
6.385634310513e-02 
6.329832605597e-02 
6.274592595085e-02 
6.219910058332e-02 
6.165780686541e-02 
6.112200091337e-02 
6.059163812845e-02 
6.006667327301e-02 
5.954706054217e-02 
5.903275363128e-02 
5.852370579939e-02 
5.801986992895e-02 
5.752119858197e-02 
5.702764405279e-02 
5.653915841762e-02 
5.605569358115e-02 
5.557720132016e-02 
5.510363332455e-02 
5.463494123575e-02 
5.417107668269e-02 
5.371199131551e-02 
5.325763683709e-02 
5.280796503251e-02 
5.236292779658e-02 
5.192247715954e-02 
5.148656531103e-02 
5.105514462236e-02 
5.062816766733e-02 
5.020558724148e-02 
4.978735638004e-02 
4.937342837448e-02 
4.896375678788e-02 
4.855829546916e-02 
4.815699856611e-02 
4.775982053745e-02 
4.736671616389e-02 
4.697764055824e-02 
4.659254917465e-02 
4.621139781707e-02 
4.583414264683e-02 
4.546074018955e-02 
4.509114734136e-02 
4.472532137445e-02 
4.436321994198e-02 
4.400480108244e-02 
4.365002322345e-02 
4.329884518505e-02 
4.295122618250e-02 
4.260712582860e-02 
4.226650413567e-02 
4.192932151699e-02 
4.159553878800e-02 
4.126511716702e-02 
4.093801827575e-02 
4.061420413939e-02 
4.029363718647e-02 
3.997628024842e-02 
3.966209655891e-02 
3.935104975291e-02 
3.904310386552e-02 
3.873822333066e-02 
3.843637297944e-02 
3.813751803854e-02 
3.784162412820e-02 
3.754865726023e-02 
3.725858383578e-02 
3.697137064301e-02 
3.668698485464e-02 
3.640539402537e-02 
3.612656608918e-02 
3.585046935659e-02 
3.557707251179e-02 
3.530634460964e-02 
3.503825507275e-02 
3.477277368830e-02 
3.450987060494e-02 
3.424951632958e-02 
3.399168172417e-02 
3.373633800235e-02 
3.348345672615e-02 
3.323300980265e-02 
3.298496948054e-02 
3.273930834676e-02 
3.249599932298e-02 
3.225501566225e-02 
3.201633094544e-02 
3.177991907782e-02 
3.154575428554e-02 
3.131381111219e-02 
3.108406441526e-02 
3.085648936266e-02 
3.063106142928e-02 
3.040775639346e-02 
3.018655033356e-02 
2.996741962446e-02 
2.975034093418e-02 
2.953529122037e-02 
2.932224772694e-02 
2.911118798065e-02 
2.890208978773e-02 
2.869493123051e-02 
2.848969066409e-02 
2.828634671299e-02 
2.808487826792e-02 
2.788526448242e-02 
2.768748476968e-02 
2.749151879929e-02 
2.729734649405e-02 
2.710494802677e-02 
2.691430381720e-02 
2.672539452884e-02 
2.653820106588e-02 
2.635270457017e-02 
2.616888641817e-02 
2.598672821792e-02 
2.580621180615e-02 
2.562731924527e-02 
2.545003282048e-02 
2.527433503693e-02 
2.510020861684e-02 
2.492763649666e-02 
2.475660182437e-02 
2.458708795662e-02 
2.441907845609e-02 
2.425255708876e-02 
2.408750782128e-02 
2.392391481827e-02 
2.376176243982e-02 
2.360103523885e-02 
2.344171795859e-02 
2.328379553009e-02 
2.312725306972e-02 
2.297207587676e-02 
2.281824943093e-02 
2.266575939006e-02 
2.251459158770e-02 
2.236473203080e-02 
2.221616689742e-02 
2.206888253446e-02 
2.192286545543e-02 
2.177810233822e-02 
2.163458002293e-02 
2.149228550972e-02 
2.135120595668e-02 
2.121132867775e-02 
2.107264114062e-02 
2.093513096471e-02 
2.079878591915e-02 
2.066359392080e-02 
2.052954303227e-02 
2.039662145999e-02 
2.026481755232e-02 
2.013411979764e-02 
2.000451682251e-02 
1.987599738982e-02 
1.974855039700e-02 
1.962216487422e-02 
1.949682998266e-02 
1.937253501272e-02 
1.924926938236e-02 
1.912702263539e-02 
1.900578443981e-02 
1.888554458616e-02 
1.876629298590e-02 
1.864801966984e-02 
1.853071478652e-02 
1.841436860069e-02 
1.829897149177e-02 
1.818451395232e-02 
1.807098658658e-02 
1.795838010899e-02 
1.784668534274e-02 
