10.000000 2.683639187953e-12 
20.000000 5.346755551192e-12 
30.000000 9.681051749867e-12 
40.000000 2.036921447975e-11 
50.000000 3.474215710132e-11 
60.000000 4.995342601724e-11 
70.000000 6.559281349476e-11 
80.000000 8.846145926306e-11 
90.000000 1.133297744430e-10 
100.000000 1.402361926880e-10 
110.000000 1.720057741056e-10 
120.000000 1.911539427053e-10 
130.000000 2.229293700184e-10 
140.000000 2.577144384805e-10 
150.000000 3.019220954818e-10 
160.000000 3.345154506453e-10 
170.000000 3.752282571691e-10 
180.000000 4.140356748942e-10 
190.000000 4.583113681689e-10 
200.000000 4.821371238534e-10 
210.000000 5.417193617031e-10 
220.000000 5.621261391711e-10 
230.000000 6.315238843677e-10 
240.000000 6.761956059690e-10 
250.000000 7.333837630303e-10 
260.000000 7.885547129935e-10 
270.000000 8.561249317445e-10 
280.000000 8.978147491054e-10 
290.000000 9.263964517509e-10 
300.000000 1.014906917032e-09 
310.000000 1.049186004579e-09 
320.000000 1.101594582336e-09 
330.000000 1.212611123482e-09 
340.000000 1.243336528454e-09 
350.000000 1.345411710205e-09 
360.000000 1.377434282080e-09 
370.000000 1.464341479418e-09 
380.000000 1.552248946795e-09 
390.000000 1.613840306993e-09 
400.000000 1.709971332423e-09 
410.000000 1.725793310850e-09 
420.000000 1.817045376751e-09 
430.000000 1.945073598254e-09 
440.000000 1.971118431003e-09 
450.000000 2.108866386670e-09 
460.000000 2.139871772724e-09 
470.000000 2.220287538415e-09 
480.000000 2.341090481811e-09 
490.000000 2.439726908805e-09 
500.000000 2.575538131724e-09 
510.000000 2.616306785207e-09 
520.000000 2.699100586569e-09 
530.000000 2.873208519829e-09 
540.000000 2.900196407469e-09 
550.000000 3.062734442821e-09 
560.000000 3.117152889211e-09 
570.000000 3.201118979197e-09 
580.000000 3.331213786958e-09 
590.000000 3.415374035303e-09 
600.000000 3.598917990224e-09 
610.000000 3.643531252870e-09 
620.000000 3.769456071411e-09 
630.000000 3.890417849032e-09 
640.000000 3.998606966836e-09 
650.000000 4.163642194623e-09 
660.000000 4.270470835720e-09 
670.000000 4.356698167847e-09 
680.000000 4.514444061438e-09 
690.000000 4.503159119841e-09 
700.000000 4.563061762518e-09 
710.000000 4.790159877949e-09 
720.000000 4.875591546381e-09 
730.000000 5.054213879174e-09 
740.000000 5.235800205378e-09 
750.000000 5.217636386080e-09 
760.000000 5.489327365714e-09 
770.000000 5.649342834956e-09 
780.000000 5.654871435173e-09 
790.000000 5.855741753763e-09 
800.000000 5.939403484039e-09 
810.000000 5.941575172035e-09 
820.000000 6.187553291157e-09 
830.000000 6.319755730825e-09 
840.000000 6.235623468150e-09 
850.000000 6.584048667482e-09 
860.000000 6.577779131103e-09 
870.000000 6.645599355173e-09 
880.000000 6.947687250203e-09 
890.000000 7.102003220071e-09 
900.000000 7.104766089800e-09 
910.000000 7.388365531759e-09 
920.000000 7.566819577389e-09 
930.000000 7.599702988475e-09 
940.000000 7.874045143919e-09 
950.000000 8.028263101752e-09 
960.000000 8.133900423969e-09 
970.000000 8.413040940212e-09 
980.000000 8.435690551469e-09 
990.000000 8.658380364152e-09 
1000.000000 8.927863460988e-09 
1010.000000 9.131112934675e-09 
1020.000000 9.139708266808e-09 
1030.000000 9.322677333875e-09 
1040.000000 9.370108815687e-09 
1050.000000 9.596546220543e-09 
1060.000000 9.837550975142e-09 
1070.000000 9.926868422767e-09 
1080.000000 9.977214767592e-09 
1090.000000 1.029000662171e-08 
1100.000000 1.044069552435e-08 
1110.000000 1.052061476207e-08 
1120.000000 1.079067386618e-08 
1130.000000 1.100178818382e-08 
1140.000000 1.109106595399e-08 
1150.000000 1.136476058322e-08 
1160.000000 1.152665867958e-08 
1170.000000 1.165141606035e-08 
1180.000000 1.203507161125e-08 
1190.000000 1.218318931491e-08 
1200.000000 1.232840098659e-08 
1210.000000 1.268438778959e-08 
1220.000000 1.277026822379e-08 
1230.000000 1.292201423848e-08 
1240.000000 1.321083108001e-08 
1250.000000 1.331658208624e-08 
1260.000000 1.345074625919e-08 
1270.000000 1.381551732869e-08 
1280.000000 1.395486469650e-08 
1290.000000 1.405560228760e-08 
1300.000000 1.437355183852e-08 
1310.000000 1.455330703123e-08 
1320.000000 1.464032803696e-08 
1330.000000 1.497028381348e-08 
1340.000000 1.521358600502e-08 
1350.000000 1.529856729073e-08 
1360.000000 1.563604797860e-08 
1370.000000 1.584088703835e-08 
1380.000000 1.594329419233e-08 
1390.000000 1.629015580119e-08 
1400.000000 1.648622875402e-08 
1410.000000 1.660403710634e-08 
1420.000000 1.696092579420e-08 
1430.000000 1.715063443253e-08 
1440.000000 1.727520001817e-08 
1450.000000 1.764311306994e-08 
1460.000000 1.784014624222e-08 
1470.000000 1.795582569352e-08 
1480.000000 1.833608552540e-08 
1490.000000 1.855332248575e-08 
1500.000000 1.865305508034e-08 
1510.000000 1.904206285955e-08 
1520.000000 1.928429114764e-08 
1530.000000 1.937244065997e-08 
1540.000000 1.977562585525e-08 
1550.000000 2.003520737325e-08 
1560.000000 2.011908689423e-08 
1570.000000 2.053188634880e-08 
1580.000000 2.080010536401e-08 
1590.000000 2.088621565385e-08 
1600.000000 2.130828097719e-08 
1610.000000 2.157662524383e-08 
1620.000000 2.166610090378e-08 
1630.000000 2.209787016493e-08 
1640.000000 2.236614266387e-08 
1650.000000 2.245467265693e-08 
1660.000000 2.289681216361e-08 
1670.000000 2.317147547016e-08 
1680.000000 2.325263378897e-08 
1690.000000 2.370565909939e-08 
1700.000000 2.399417705396e-08 
1710.000000 2.406401809217e-08 
1720.000000 2.452804587550e-08 
1730.000000 2.483429094853e-08 
1740.000000 2.489374793496e-08 
1750.000000 2.536830305670e-08 
1760.000000 2.569052695229e-08 
1770.000000 2.574342832660e-08 
1780.000000 2.622827881664e-08 
1790.000000 2.656143665134e-08 
1800.000000 2.661137950499e-08 
1810.000000 2.710662971879e-08 
1820.000000 2.744628794055e-08 
1830.000000 2.749428373785e-08 
1840.000000 2.791226352651e-08 
1850.000000 2.834561590593e-08 
1860.000000 2.838984197128e-08 
1870.000000 2.881642318673e-08 
1880.000000 2.926043375312e-08 
1890.000000 2.929762882311e-08 
1900.000000 2.973276507132e-08 
1910.000000 3.019193193033e-08 
1920.000000 3.021966585375e-08 
1930.000000 3.066310339799e-08 
1940.000000 3.114055696448e-08 
1950.000000 3.161935210181e-08 
1960.000000 3.161013735351e-08 
1970.000000 3.210594068853e-08 
1980.000000 3.258555897770e-08 
1990.000000 3.257559371592e-08 
2000.000000 3.308719004865e-08 
2010.000000 3.357156179716e-08 
2020.000000 3.355922471875e-08 
2030.000000 3.408410317488e-08 
2040.000000 3.457519956896e-08 
2050.000000 3.455943692015e-08 
2060.000000 3.509661265284e-08 
2070.000000 3.559365954666e-08 
2080.000000 3.557455826960e-08 
2090.000000 3.612531028618e-08 
2100.000000 3.662552727232e-08 
2110.000000 3.660405815881e-08 
2120.000000 3.717090815471e-08 
2130.000000 3.767159368316e-08 
2140.000000 3.764879556128e-08 
2150.000000 3.823382231207e-08 
2160.000000 3.873405957228e-08 
2170.000000 3.871031690294e-08 
2180.000000 3.931403136477e-08 
2190.000000 3.981477261580e-08 
2200.000000 3.964811919438e-08 
2210.000000 4.038773443328e-08 
2220.000000 4.092227963737e-08 
2230.000000 4.074347558429e-08 
2240.000000 4.149279426347e-08 
2250.000000 4.203683755522e-08 
2260.000000 4.184855854930e-08 
2270.000000 4.261751744736e-08 
2280.000000 4.315604532324e-08 
2290.000000 4.296401362555e-08 
2300.000000 4.376218483668e-08 
2310.000000 4.428922080139e-08 
2320.000000 4.409663399238e-08 
2330.000000 4.492673001211e-08 
2340.000000 4.544666881090e-08 
2350.000000 4.525311033942e-08 
2360.000000 4.611045992409e-08 
2370.000000 4.663281133639e-08 
2380.000000 4.643398533991e-08 
2390.000000 4.731112974872e-08 
2400.000000 4.784326320996e-08 
2410.000000 4.763586078721e-08 
2420.000000 4.852778274925e-08 
2430.000000 4.907037476633e-08 
2440.000000 4.885339303530e-08 
2450.000000 4.976101781900e-08 
2460.000000 5.030849787541e-08 
2470.000000 5.008359147327e-08 
2480.000000 5.101238362276e-08 
2490.000000 5.155748875302e-08 
2500.000000 5.132737340921e-08 
2510.000000 5.228318628286e-08 
2520.000000 5.282205085746e-08 
2530.000000 5.258856442203e-08 
2540.000000 5.357389782427e-08 
2550.000000 5.410833966795e-08 
2560.000000 5.387098150835e-08 
2570.000000 5.488438553270e-08 
2580.000000 5.541865809418e-08 
2590.000000 5.517549956241e-08 
2600.000000 5.621249476035e-08 
2610.000000 5.675099340676e-08 
2620.000000 5.650047315119e-08 
2630.000000 5.755841630727e-08 
2640.000000 5.810186033253e-08 
2650.000000 5.784300868080e-08 
2660.000000 5.892205614162e-08 
2670.000000 5.919945992937e-08 
2680.000000 5.920196993302e-08 
2690.000000 6.030137516530e-08 
2700.000000 6.057679843827e-08 
2710.000000 6.057773539850e-08 
2720.000000 6.170135184242e-08 
2730.000000 6.196817816631e-08 
2740.000000 6.196906052340e-08 
2750.000000 6.312146750525e-08 
2760.000000 6.305710033972e-08 
2770.000000 6.337842583311e-08 
2780.000000 6.456437656349e-08 
2790.000000 6.447946493099e-08 
2800.000000 6.480878362928e-08 
2810.000000 6.602476248611e-08 
2820.000000 6.592689970741e-08 
2830.000000 6.593814683726e-08 
2840.000000 6.747581288672e-08 
2850.000000 6.714870841465e-08 
2860.000000 6.804527102268e-08 
2870.000000 6.895112972403e-08 
2880.000000 6.788758582690e-08 
2890.000000 6.736078618562e-08 
2900.000000 6.967558531203e-08 
2910.000000 6.946936935731e-08 
2920.000000 6.857261408348e-08 
2930.000000 6.928861115818e-08 
2940.000000 7.150683372729e-08 
2950.000000 7.214867785611e-08 
2960.000000 7.196074972831e-08 
2970.000000 7.299425492661e-08 
2980.000000 7.318066548482e-08 
2990.000000 7.256020079097e-08 
3000.000000 7.417377181363e-08 
3010.000000 7.518896418450e-08 
3020.000000 7.574359874636e-08 
3030.000000 7.391940396377e-08 
3040.000000 7.524129601933e-08 
3050.000000 7.707605172314e-08 
3060.000000 7.743658128449e-08 
3070.000000 7.664294026925e-08 
3080.000000 7.774328009852e-08 
3090.000000 7.866613120120e-08 
3100.000000 7.892491444352e-08 
3110.000000 7.882238129182e-08 
3120.000000 8.042454473346e-08 
3130.000000 8.046614014583e-08 
3140.000000 8.017087863982e-08 
3150.000000 7.990639490308e-08 
3160.000000 8.253489809207e-08 
3170.000000 8.441038812027e-08 
3180.000000 8.318924696456e-08 
3190.000000 8.392123156846e-08 
3200.000000 8.557068780737e-08 
3210.000000 8.537742722780e-08 
3220.000000 8.610846218464e-08 
3230.000000 8.742254574073e-08 
3240.000000 8.653498680685e-08 
3250.000000 8.664758074474e-08 
3260.000000 8.725240916062e-08 
3270.000000 8.955923237106e-08 
3280.000000 9.091483049202e-08 
3290.000000 8.985523419132e-08 
3300.000000 9.070015167068e-08 
3310.000000 9.182786011709e-08 
3320.000000 9.176780946131e-08 
3330.000000 9.220262940927e-08 
3340.000000 9.348773759762e-08 
3350.000000 9.286657773973e-08 
3360.000000 9.273716690175e-08 
3370.000000 9.313103722222e-08 
3380.000000 9.576210974448e-08 
3390.000000 9.668398968222e-08 
3400.000000 9.637859189090e-08 
3410.000000 9.714572724269e-08 
3420.000000 9.877986462332e-08 
3430.000000 9.834362760542e-08 
3440.000000 9.843887042787e-08 
3450.000000 1.004895196555e-07 
3460.000000 1.001715817964e-07 
3470.000000 9.964963437275e-08 
3480.000000 1.004460161179e-07 
3490.000000 1.029577632158e-07 
3500.000000 1.040700433489e-07 
3510.000000 1.033664516376e-07 
3520.000000 1.044916790611e-07 
3530.000000 1.060705520818e-07 
3540.000000 1.057461073678e-07 
3550.000000 1.062484877085e-07 
3560.000000 1.076571746455e-07 
3570.000000 1.072665936985e-07 
3580.000000 1.069266604709e-07 
3590.000000 1.073845231977e-07 
3600.000000 1.103514505026e-07 
3610.000000 1.114244219635e-07 
3620.000000 1.106229848868e-07 
3630.000000 1.118196441784e-07 
3640.000000 1.135696870102e-07 
3650.000000 1.129979088000e-07 
3660.000000 1.131034615433e-07 
3670.000000 1.151817341198e-07 
3680.000000 1.148091918650e-07 
3690.000000 1.140645645792e-07 
3700.000000 1.147794928501e-07 
3710.000000 1.180715497094e-07 
3720.000000 1.189800477704e-07 
3730.000000 1.182595892823e-07 
3740.000000 1.195896682036e-07 
3750.000000 1.215318398745e-07 
3760.000000 1.208985560024e-07 
3770.000000 1.214467307253e-07 
3780.000000 1.223103415129e-07 
3790.000000 1.222214640000e-07 
3800.000000 1.210352790606e-07 
3810.000000 1.230813370214e-07 
3820.000000 1.251351368136e-07 
3830.000000 1.247942202317e-07 
3840.000000 1.234302585000e-07 
3850.000000 1.263781100258e-07 
3860.000000 1.287435858524e-07 
3870.000000 1.274798118244e-07 
3880.000000 1.290640316007e-07 
3890.000000 1.297849016646e-07 
3900.000000 1.313140738766e-07 
3910.000000 1.291785371464e-07 
3920.000000 1.312965396727e-07 
3930.000000 1.320076975897e-07 
3940.000000 1.353171722326e-07 
3950.000000 1.370008142735e-07 
3960.000000 1.353140619674e-07 
3970.000000 1.365524750080e-07 
3980.000000 1.382564164858e-07 
3990.000000 1.355437107590e-07 
4000.000000 1.374750599359e-07 
4010.000000 1.377485980941e-07 
4020.000000 1.411912836558e-07 
4030.000000 1.420723361079e-07 
4040.000000 1.407256924064e-07 
4050.000000 1.424641196925e-07 
4060.000000 1.445480765939e-07 
4070.000000 1.429070529971e-07 
4080.000000 1.444491292151e-07 
4090.000000 1.450424461920e-07 
4100.000000 1.477589572236e-07 
4110.000000 1.479167141871e-07 
4120.000000 1.470749396851e-07 
4130.000000 1.461076600251e-07 
4140.000000 1.493627857504e-07 
4150.000000 1.517686018631e-07 
4160.000000 1.527324360517e-07 
4170.000000 1.506015522812e-07 
4180.000000 1.525111807223e-07 
4190.000000 1.563686166507e-07 
4200.000000 1.573441028285e-07 
4210.000000 1.557416089072e-07 
4220.000000 1.581298751439e-07 
4230.000000 1.598275455928e-07 
4240.000000 1.567701779308e-07 
4250.000000 1.587718684053e-07 
4260.000000 1.590279660183e-07 
4270.000000 1.623205847055e-07 
4280.000000 1.636020308756e-07 
4290.000000 1.638727924823e-07 
4300.000000 1.629217762281e-07 
4310.000000 1.646396032003e-07 
4320.000000 1.682804152411e-07 
4330.000000 1.687357088833e-07 
4340.000000 1.671948978665e-07 
4350.000000 1.698134045741e-07 
4360.000000 1.721035600170e-07 
4370.000000 1.711390626302e-07 
4380.000000 1.690582428602e-07 
4390.000000 1.700449393511e-07 
4400.000000 1.735527546567e-07 
4410.000000 1.761207413840e-07 
4420.000000 1.762676805800e-07 
4430.000000 1.737550460254e-07 
4440.000000 1.765163455722e-07 
4450.000000 1.812317342075e-07 
4460.000000 1.825220941245e-07 
4470.000000 1.797311708132e-07 
4480.000000 1.824244400568e-07 
4490.000000 1.845481908397e-07 
4500.000000 1.842975360042e-07 
4510.000000 1.831674967868e-07 
4520.000000 1.835767877090e-07 
4530.000000 1.873153646408e-07 
4540.000000 1.890745112733e-07 
4550.000000 1.906177350280e-07 
4560.000000 1.870529849289e-07 
4570.000000 1.898552375859e-07 
4580.000000 1.943718219913e-07 
4590.000000 1.968984150518e-07 
4600.000000 1.928515155152e-07 
4610.000000 1.952432601842e-07 
4620.000000 1.984067641840e-07 
4630.000000 1.970398578622e-07 
4640.000000 1.955662735245e-07 
4650.000000 1.955282400038e-07 
4660.000000 2.000139509912e-07 
4670.000000 2.023417336028e-07 
4680.000000 2.031521288303e-07 
4690.000000 1.997119173262e-07 
4700.000000 2.027913531194e-07 
4710.000000 2.079103291974e-07 
4720.000000 2.092974273667e-07 
4730.000000 2.057824117835e-07 
4740.000000 2.078413489984e-07 
4750.000000 2.115510437236e-07 
4760.000000 2.112572616023e-07 
4770.000000 2.114283508147e-07 
4780.000000 2.088212577827e-07 
4790.000000 2.137512722532e-07 
4800.000000 2.166904160067e-07 
4810.000000 2.155230313430e-07 
4820.000000 2.151387992873e-07 
4830.000000 2.181700375376e-07 
4840.000000 2.212590091058e-07 
4850.000000 2.201350931531e-07 
4860.000000 2.211916730961e-07 
4870.000000 2.185751267535e-07 
4880.000000 2.234307967317e-07 
4890.000000 2.273272418234e-07 
4900.000000 2.296062547407e-07 
4910.000000 2.227730816185e-07 
4920.000000 2.263503132020e-07 
4930.000000 2.307121890920e-07 
4940.000000 2.312758221040e-07 
4950.000000 2.326614083008e-07 
4960.000000 2.306160630418e-07 
4970.000000 2.330856285208e-07 
4980.000000 2.384053684474e-07 
4990.000000 2.337115190763e-07 
5000.000000 2.369231196218e-07 
5010.000000 2.371818509973e-07 
5020.000000 2.415158923399e-07 
5030.000000 2.425915465693e-07 
5040.000000 2.440489308111e-07 
5050.000000 2.411212414058e-07 
5060.000000 2.443127950073e-07 
5070.000000 2.493835394621e-07 
5080.000000 2.504177811188e-07 
5090.000000 2.453055646374e-07 
5100.000000 2.491107760716e-07 
5110.000000 2.536583120062e-07 
5120.000000 2.530767161742e-07 
5130.000000 2.515236204432e-07 
5140.000000 2.523849462319e-07 
5150.000000 2.552927899414e-07 
5160.000000 2.599114863453e-07 
5170.000000 2.621689759190e-07 
5180.000000 2.552493957345e-07 
5190.000000 2.592196420233e-07 
5200.000000 2.633035463274e-07 
5210.000000 2.632484357021e-07 
5220.000000 2.616401192688e-07 
5230.000000 2.625189134640e-07 
5240.000000 2.658060959659e-07 
5250.000000 2.710904066561e-07 
5260.000000 2.702878103508e-07 
5270.000000 2.650426753697e-07 
5280.000000 2.691764701631e-07 
5290.000000 2.744820495895e-07 
5300.000000 2.752006159974e-07 
5310.000000 2.725932603977e-07 
5320.000000 2.733194834362e-07 
5330.000000 2.770006524302e-07 
5340.000000 2.828147559846e-07 
5350.000000 2.822843803966e-07 
5360.000000 2.764264694425e-07 
5370.000000 2.807041773725e-07 
5380.000000 2.861719795290e-07 
5390.000000 2.867317395730e-07 
5400.000000 2.842286407935e-07 
5410.000000 2.850461389084e-07 
5420.000000 2.887647421565e-07 
5430.000000 2.944963374878e-07 
5440.000000 2.952355775943e-07 
5450.000000 2.879730123760e-07 
5460.000000 2.924374475376e-07 
5470.000000 2.979659618067e-07 
5480.000000 2.981766567124e-07 
5490.000000 2.947757981601e-07 
5500.000000 2.966630959022e-07 
5510.000000 3.004843066817e-07 
5520.000000 3.063410176104e-07 
5530.000000 3.056432547545e-07 
5540.000000 2.993912643958e-07 
5550.000000 3.040202780591e-07 
5560.000000 3.098829034170e-07 
5570.000000 3.102943374196e-07 
5580.000000 3.062729595703e-07 
5590.000000 3.081385893141e-07 
5600.000000 3.122692074230e-07 
5610.000000 3.179834282552e-07 
5620.000000 3.172434732081e-07 
5630.000000 3.111569837588e-07 
5640.000000 3.159699314350e-07 
5650.000000 3.221967297154e-07 
5660.000000 3.227944858415e-07 
5670.000000 3.183282929310e-07 
5680.000000 3.201753022538e-07 
5690.000000 3.245462249780e-07 
5700.000000 3.305326334422e-07 
5710.000000 3.296979796141e-07 
5720.000000 3.233685685783e-07 
5730.000000 3.283276719762e-07 
5740.000000 3.348124915424e-07 
5750.000000 3.352655556596e-07 
5760.000000 3.307001896192e-07 
5770.000000 3.326388974104e-07 
5780.000000 3.371437852983e-07 
5790.000000 3.432260261498e-07 
5800.000000 3.425222187623e-07 
5810.000000 3.357407864176e-07 
5820.000000 3.408978164147e-07 
5830.000000 3.475704097521e-07 
5840.000000 3.479382055129e-07 
5850.000000 3.431512266728e-07 
5860.000000 3.451563350060e-07 
5870.000000 3.492185491720e-07 
5880.000000 3.554931014535e-07 
5890.000000 3.551894115343e-07 
5900.000000 3.482327145153e-07 
5910.000000 3.536012511269e-07 
5920.000000 3.605785148771e-07 
5930.000000 3.610639544344e-07 
5940.000000 3.558060940581e-07 
5950.000000 3.578094936486e-07 
5960.000000 3.621412363104e-07 
5970.000000 3.687657991483e-07 
5980.000000 3.681740405379e-07 
5990.000000 3.610581969736e-07 
6000.000000 3.666128131662e-07 
6010.000000 3.739526731883e-07 
6020.000000 3.744111938893e-07 
6030.000000 3.740689326271e-07 
6040.000000 3.701978103379e-07 
6050.000000 3.753953281367e-07 
6060.000000 3.822613768340e-07 
6070.000000 3.815971784982e-07 
6080.000000 3.741595477391e-07 
6090.000000 3.798710315729e-07 
6100.000000 3.874689760662e-07 
6110.000000 3.878684446401e-07 
6120.000000 3.820756842015e-07 
6130.000000 3.835530459828e-07 
6140.000000 3.889397396972e-07 
6150.000000 3.959789542679e-07 
6160.000000 3.952928105647e-07 
6170.000000 3.874660521234e-07 
6180.000000 3.934596663380e-07 
6190.000000 4.012569979094e-07 
6200.000000 4.016082174468e-07 
6210.000000 3.954719518140e-07 
6220.000000 3.970055110597e-07 
6230.000000 4.026377637300e-07 
6240.000000 4.099717792248e-07 
6250.000000 4.090422543483e-07 
6260.000000 4.009673279403e-07 
6270.000000 4.071692850205e-07 
6280.000000 4.152963248507e-07 
6290.000000 4.156774635570e-07 
6300.000000 4.148599238990e-07 
6310.000000 4.107104606130e-07 
6320.000000 4.158248378369e-07 
6330.000000 4.242409608079e-07 
6340.000000 4.230942977293e-07 
6350.000000 4.147507733179e-07 
6360.000000 4.211673870797e-07 
6370.000000 4.296041193200e-07 
6380.000000 4.299609527828e-07 
6390.000000 4.282306754213e-07 
6400.000000 4.246945984447e-07 
6410.000000 4.300506157602e-07 
6420.000000 4.387296077569e-07 
6430.000000 4.379560177901e-07 
6440.000000 4.287841459037e-07 
6450.000000 4.353601079563e-07 
6460.000000 4.443243634851e-07 
6470.000000 4.568368816976e-07 
6480.000000 4.427047116117e-07 
6490.000000 4.393613133615e-07 
6500.000000 4.483090855794e-07 
6510.000000 4.758537943951e-07 
6520.000000 2.225059130983e-06 
6530.000000 4.459770431757e-07 
6540.000000 5.536469810281e-07 
6550.000000 1.074292602689e-06 
6560.000000 4.539337158078e-05 
6570.000000 1.465559324870e-02 
6580.000000 1.075567481138e-01 
6590.000000 2.460105545347e-01 
6600.000000 3.644202132012e-01 
6610.000000 4.570940126267e-01 
6620.000000 5.292194556363e-01 
6630.000000 5.839438275151e-01 
6640.000000 6.261343216883e-01 
6650.000000 6.606262226967e-01 
6660.000000 6.871885774308e-01 
6670.000000 7.105249861480e-01 
6680.000000 7.297267259148e-01 
6690.000000 7.465757196903e-01 
6700.000000 7.611388986967e-01 
6710.000000 7.738649928193e-01 
6720.000000 7.850960594343e-01 
6730.000000 7.940298887060e-01 
6740.000000 8.030657432241e-01 
6750.000000 8.101728841347e-01 
6760.000000 8.177075005885e-01 
6770.000000 8.246248806536e-01 
6780.000000 8.310130371247e-01 
6790.000000 8.369438459857e-01 
6800.000000 8.424773048432e-01 
6810.000000 8.476620371283e-01 
6820.000000 8.515087306210e-01 
6830.000000 8.561761894869e-01 
6840.000000 8.597093898614e-01 
6850.000000 8.639725075720e-01 
6860.000000 8.680321520067e-01 
6870.000000 8.719060314851e-01 
6880.000000 8.756087028238e-01 
6890.000000 8.791524675825e-01 
6900.000000 8.825479503277e-01 
6910.000000 8.849187362370e-01 
6920.000000 8.880995558621e-01 
6930.000000 8.903644853018e-01 
6940.000000 8.933519194506e-01 
6950.000000 8.962174127710e-01 
6960.000000 8.989652350728e-01 
6970.000000 9.015990223758e-01 
6980.000000 9.041220706068e-01 
6990.000000 9.065374722510e-01 
7000.000000 9.081975841563e-01 
7010.000000 9.104497653506e-01 
7020.000000 9.119813601789e-01 
7030.000000 9.140802995475e-01 
7040.000000 9.160799367860e-01 
7050.000000 9.179829798371e-01 
7060.000000 9.197922036297e-01 
7070.000000 9.215104409274e-01 
7080.000000 9.231405532039e-01 
7090.000000 9.243247676467e-01 
7100.000000 9.258097550190e-01 
7110.000000 9.272146013610e-01 
7120.000000 9.281623395931e-01 
7130.000000 9.294444374447e-01 
7140.000000 9.306535965247e-01 
7150.000000 9.317929128539e-01 
7160.000000 9.328654677766e-01 
7170.000000 9.338743145189e-01 
7180.000000 9.348224658536e-01 
7190.000000 9.357128829881e-01 
7200.000000 9.365484657381e-01 
7210.000000 9.371523454408e-01 
7220.000000 9.378968872068e-01 
7230.000000 9.385944688123e-01 
7240.000000 9.392476651875e-01 
7250.000000 9.398589629458e-01 
7260.000000 9.404307571888e-01 
7270.000000 9.409653492825e-01 
7280.000000 9.414649455101e-01 
7290.000000 9.419316565029e-01 
7300.000000 9.423674973568e-01 
7310.000000 9.427743883423e-01 
7320.000000 9.431541561251e-01 
7330.000000 9.435085354181e-01 
7340.000000 9.438391709926e-01 
7350.000000 9.441476199848e-01 
7360.000000 9.444353544383e-01 
7370.000000 9.447037640321e-01 
7380.000000 9.449541589475e-01 
7390.000000 9.451877728359e-01 
7400.000000 9.454057658511e-01 
7410.000000 9.456092277191e-01 
7420.000000 9.457991808179e-01 
7430.000000 9.459765832479e-01 
7440.000000 9.461423318737e-01 
7450.000000 9.462972653235e-01 
7460.000000 9.464421669331e-01 
7470.000000 9.465777676241e-01 
7480.000000 9.467047487098e-01 
7490.000000 9.468237446197e-01 
7500.000000 9.469353455405e-01 
7510.000000 9.470400999668e-01 
7520.000000 9.471385171612e-01 
7530.000000 9.472310695194e-01 
7540.000000 9.473181948414e-01 
7550.000000 9.474002985062e-01 
7560.000000 9.474777555510e-01 
7570.000000 9.475509126552e-01 
7580.000000 9.476200900293e-01 
7590.000000 9.476855832111e-01 
7600.000000 9.477476647696e-01 
7610.000000 9.478065859190e-01 
7620.000000 9.478625780439e-01 
7630.000000 9.479158541397e-01 
7640.000000 9.479666101687e-01 
7650.000000 9.480150263355e-01 
7660.000000 9.480612682847e-01 
7670.000000 9.481054882218e-01 
7680.000000 9.481478259640e-01 
7690.000000 9.481884099189e-01 
7700.000000 9.482273579992e-01 
7710.000000 9.482647784721e-01 
7720.000000 9.483007707499e-01 
7730.000000 9.483354261224e-01 
7740.000000 9.483688284361e-01 
7750.000000 9.484010547214e-01 
7760.000000 9.484321757720e-01 
7770.000000 9.484622566796e-01 
7780.000000 9.484913573253e-01 
7790.000000 9.485195328318e-01 
7800.000000 9.485468339782e-01 
7810.000000 9.485733075812e-01 
7820.000000 9.485989968428e-01 
7830.000000 9.486239416694e-01 
7840.000000 9.486481789627e-01 
7850.000000 9.486717428856e-01 
7860.000000 9.486946651042e-01 
7870.000000 9.487169750086e-01 
7880.000000 9.487386999130e-01 
7890.000000 9.487598652390e-01 
7900.000000 9.487804946806e-01 
7910.000000 9.488006103550e-01 
7920.000000 9.488202329391e-01 
7930.000000 9.488393817932e-01 
7940.000000 9.488580750735e-01 
7950.000000 9.488763298331e-01 
7960.000000 9.488941621147e-01 
7970.000000 9.489115870339e-01 
7980.000000 9.489286188542e-01 
7990.000000 9.489452710561e-01 
8000.000000 9.489615563986e-01 
8010.000000 9.489774869751e-01 
8020.000000 9.489930742648e-01 
8030.000000 9.490083291783e-01 
8040.000000 9.490232620995e-01 
8050.000000 9.490378829237e-01 
8060.000000 9.490522010916e-01 
8070.000000 9.490662256212e-01 
8080.000000 9.490799651356e-01 
8090.000000 9.490934278894e-01 
8100.000000 9.491066217924e-01 
8110.000000 9.491195544306e-01 
8120.000000 9.491322330866e-01 
8130.000000 9.491446647573e-01 
8140.000000 9.491568561703e-01 
8150.000000 9.491688137998e-01 
8160.000000 9.491805438797e-01 
8170.000000 9.491920524169e-01 
8180.000000 9.492033452035e-01 
8190.000000 9.492144278271e-01 
8200.000000 9.492253056815e-01 
8210.000000 9.492359839761e-01 
8220.000000 9.492464677445e-01 
8230.000000 9.492567618525e-01 
8240.000000 9.492668710064e-01 
8250.000000 9.492767997594e-01 
8260.000000 9.492865525187e-01 
8270.000000 9.492961335516e-01 
8280.000000 9.493055469915e-01 
8290.000000 9.493147968433e-01 
8300.000000 9.493238869886e-01 
8310.000000 9.493328211909e-01 
8320.000000 9.493416030998e-01 
8330.000000 9.493502362558e-01 
8340.000000 9.493587240943e-01 
8350.000000 9.493670699495e-01 
8360.000000 9.493752770583e-01 
8370.000000 9.493833485639e-01 
8380.000000 9.493912875188e-01 
8390.000000 9.493990968888e-01 
8400.000000 9.494067795553e-01 
8410.000000 9.494143383188e-01 
8420.000000 9.494217759014e-01 
8430.000000 9.494290949498e-01 
8440.000000 9.494362980375e-01 
8450.000000 9.494433876677e-01 
8460.000000 9.494503662753e-01 
8470.000000 9.494572362293e-01 
8480.000000 9.494639998351e-01 
8490.000000 9.494706593366e-01 
8500.000000 9.494772169177e-01 
8510.000000 9.494836747051e-01 
8520.000000 9.494900347694e-01 
8530.000000 9.494962991272e-01 
8540.000000 9.495024697428e-01 
8550.000000 9.495085485298e-01 
8560.000000 9.495145373527e-01 
8570.000000 9.495204380285e-01 
8580.000000 9.495262523279e-01 
8590.000000 9.495319819773e-01 
8600.000000 9.495376286593e-01 
8610.000000 9.495431940149e-01 
8620.000000 9.495486796442e-01 
8630.000000 9.495540871077e-01 
8640.000000 9.495594179279e-01 
8650.000000 9.495646735896e-01 
8660.000000 9.495698555420e-01 
8670.000000 9.495749651989e-01 
8680.000000 9.495800039404e-01 
8690.000000 9.495849731133e-01 
8700.000000 9.495898740325e-01 
8710.000000 9.495947079817e-01 
8720.000000 9.495994762145e-01 
8730.000000 9.496041799547e-01 
8740.000000 9.496088203981e-01 
8750.000000 9.496133987122e-01 
8760.000000 9.496179160380e-01 
8770.000000 9.496223734899e-01 
8780.000000 9.496267721570e-01 
8790.000000 9.496311131036e-01 
8800.000000 9.496353973699e-01 
8810.000000 9.496396259725e-01 
8820.000000 9.496437999054e-01 
8830.000000 9.496479201402e-01 
8840.000000 9.496519876271e-01 
8850.000000 9.496560032951e-01 
8860.000000 9.496599680529e-01 
8870.000000 9.496638827892e-01 
8880.000000 9.496677483733e-01 
8890.000000 9.496715656558e-01 
8900.000000 9.496753354686e-01 
8910.000000 9.496790586260e-01 
8920.000000 9.496827359247e-01 
8930.000000 9.496863681445e-01 
8940.000000 9.496899560485e-01 
8950.000000 9.496935003839e-01 
8960.000000 9.496970018821e-01 
8970.000000 9.497004612590e-01 
8980.000000 9.497038792159e-01 
8990.000000 9.497072564393e-01 
9000.000000 9.497105936015e-01 
9010.000000 9.497138913613e-01 
9020.000000 9.497171503635e-01 
9030.000000 9.497203712401e-01 
9040.000000 9.497235546102e-01 
9050.000000 9.497267010803e-01 
9060.000000 9.497298112449e-01 
9070.000000 9.497328856862e-01 
9080.000000 9.497359249750e-01 
9090.000000 9.497389296709e-01 
9100.000000 9.497419003222e-01 
9110.000000 9.497448374664e-01 
9120.000000 9.497477416305e-01 
9130.000000 9.497506133312e-01 
9140.000000 9.497534530751e-01 
9150.000000 9.497562613591e-01 
9160.000000 9.497590386702e-01 
9170.000000 9.497617854865e-01 
9180.000000 9.497645022764e-01 
9190.000000 9.497671894997e-01 
9200.000000 9.497698476074e-01 
9210.000000 9.497724770420e-01 
9220.000000 9.497750782376e-01 
9230.000000 9.497776516200e-01 
9240.000000 9.497801976073e-01 
9250.000000 9.497827166097e-01 
9260.000000 9.497852090296e-01 
9270.000000 9.497876752623e-01 
9280.000000 9.497901156956e-01 
9290.000000 9.497925307101e-01 
9300.000000 9.497949206797e-01 
9310.000000 9.497972859713e-01 
9320.000000 9.497996269451e-01 
9330.000000 9.498019439551e-01 
9340.000000 9.498042373485e-01 
9350.000000 9.498065074666e-01 
9360.000000 9.498087546444e-01 
9370.000000 9.498109792111e-01 
9380.000000 9.498131814898e-01 
9390.000000 9.498153617983e-01 
9400.000000 9.498175204483e-01 
9410.000000 9.498196577465e-01 
9420.000000 9.498217739938e-01 
9430.000000 9.498238694863e-01 
9440.000000 9.498259445147e-01 
9450.000000 9.498279993645e-01 
9460.000000 9.498300343168e-01 
9470.000000 9.498320496473e-01 
9480.000000 9.498340456274e-01 
9490.000000 9.498360225237e-01 
9500.000000 9.498379805982e-01 
9510.000000 9.498399201085e-01 
9520.000000 9.498418413081e-01 
9530.000000 9.498437444459e-01 
9540.000000 9.498456297667e-01 
9550.000000 9.498474975114e-01 
9560.000000 9.498493479167e-01 
9570.000000 9.498511812155e-01 
9580.000000 9.498529976366e-01 
9590.000000 9.498547974054e-01 
9600.000000 9.498565807434e-01 
9610.000000 9.498583478683e-01 
9620.000000 9.498600989947e-01 
9630.000000 9.498618343332e-01 
9640.000000 9.498635540914e-01 
9650.000000 9.498652584733e-01 
9660.000000 9.498669476797e-01 
9670.000000 9.498686219082e-01 
9680.000000 9.498702813532e-01 
9690.000000 9.498719262060e-01 
9700.000000 9.498735566549e-01 
9710.000000 9.498751728851e-01 
9720.000000 9.498767750791e-01 
9730.000000 9.498783634163e-01 
9740.000000 9.498799380734e-01 
9750.000000 9.498814992244e-01 
9760.000000 9.498830470404e-01 
9770.000000 9.498845816899e-01 
9780.000000 9.498861033390e-01 
9790.000000 9.498876121509e-01 
9800.000000 9.498891082866e-01 
9810.000000 9.498905919044e-01 
9820.000000 9.498920631602e-01 
9830.000000 9.498935222078e-01 
9840.000000 9.498949691982e-01 
9850.000000 9.498964042805e-01 
9860.000000 9.498978276015e-01 
9870.000000 9.498992393054e-01 
9880.000000 9.499006395348e-01 
9890.000000 9.499020284298e-01 
9900.000000 9.499034061285e-01 
9910.000000 9.499047727668e-01 
9920.000000 9.499061284790e-01 
9930.000000 9.499074733969e-01 
9940.000000 9.499088076508e-01 
9950.000000 9.499101313687e-01 
9960.000000 9.499114446770e-01 
9970.000000 9.499127477001e-01 
9980.000000 9.499140405606e-01 
9990.000000 9.499153233794e-01 
10000.000000 9.499165962757e-01 
