4.089232022179e-15 
9.412363413999e-22 
7.471357205549e-15 
1.759460678262e-14 
3.179275762062e-14 
8.148752590445e-20 
1.419885882967e-19 
8.063168971342e-14 
4.176863810015e-19 
6.399195040305e-19 
1.600541083289e-13 
1.206894077102e-18 
1.643073988731e-18 
2.264675445561e-13 
2.692866076148e-13 
3.709202901204e-18 
4.674567549791e-18 
5.716499982373e-18 
7.020413165276e-18 
3.977716119876e-13 
9.893726828814e-18 
4.515294108371e-13 
5.174169964047e-13 
1.561298379500e-17 
1.837367670544e-17 
2.127542197662e-17 
6.930867049785e-13 
7.139127482573e-13 
2.985207033234e-17 
3.558668583529e-17 
8.062203503993e-13 
8.376154886577e-13 
5.098541463794e-17 
5.414642323186e-17 
6.301445910436e-17 
3.261053974899e-17 
1.109011016933e-12 
1.179642896320e-12 
1.215196639568e-12 
1.026036971127e-16 
1.057532510082e-16 
1.339598874252e-12 
1.455525651345e-12 
1.383003818292e-16 
1.572485320006e-16 
7.988523900773e-17 
1.761470706706e-16 
1.952079590703e-16 
1.036885666344e-16 
1.898825027942e-12 
2.445337513249e-16 
2.608410957280e-16 
2.107605575139e-12 
1.474799732029e-16 
3.344558205517e-16 
1.703994547698e-16 
2.247312840186e-16 
2.429887134774e-16 
2.053802358108e-16 
2.267375810634e-16 
2.338789617030e-16 
2.502107873467e-16 
3.324466138031e-16 
3.516327009111e-16 
3.048074475932e-16 
3.424000023819e-16 
4.181805249152e-16 
4.481841713714e-16 
4.503610553890e-16 
4.171421977995e-16 
4.349859835205e-16 
4.747522879922e-16 
5.088322328834e-16 
5.446706511285e-16 
5.460596388718e-16 
5.998178218247e-16 
6.269746614018e-16 
6.553615897703e-16 
6.768692789789e-16 
7.074491059108e-16 
7.046987407887e-16 
7.870986809268e-16 
8.218916619432e-16 
8.097360101600e-16 
8.462275209267e-16 
8.991859099613e-16 
8.724255317282e-16 
9.921073159072e-16 
1.036868064751e-15 
1.045000017783e-15 
1.088282256582e-15 
1.134701846016e-15 
1.194956071068e-15 
1.236506826847e-15 
1.279318669403e-15 
1.314960492033e-15 
1.400890764342e-15 
1.429009393750e-15 
1.502655558942e-15 
1.571509511841e-15 
1.642489116234e-15 
1.655505385179e-15 
1.729764954126e-15 
1.755451025781e-15 
1.816747155397e-15 
1.905524011524e-15 
1.946378572723e-15 
2.018460288668e-15 
2.157570546635e-15 
2.161209409461e-15 
2.201879660144e-15 
2.310776311033e-15 
2.419167047986e-15 
2.466197339775e-15 
2.583574919115e-15 
2.667122221941e-15 
2.753174979217e-15 
2.891191003642e-15 
3.011989227881e-15 
3.089085262633e-15 
3.249574077690e-15 
3.267428948072e-15 
3.350419991306e-15 
3.578227445225e-15 
3.552764791095e-15 
3.693728068844e-15 
3.870420904448e-15 
3.941005491661e-15 
4.024378718444e-15 
4.187807345146e-15 
4.298052099294e-15 
4.362732419743e-15 
4.537865222066e-15 
4.667673117899e-15 
4.767785256418e-15 
4.921340425900e-15 
5.053767136126e-15 
5.176075708578e-15 
5.433184987707e-15 
5.523947616050e-15 
5.616199855336e-15 
5.871306072719e-15 
6.009035652684e-15 
6.072796908139e-15 
6.337919824239e-15 
6.494391225822e-15 
6.584332298885e-15 
6.869055797830e-15 
7.046273690693e-15 
7.083291766396e-15 
7.356636447848e-15 
7.594251565856e-15 
7.655126454534e-15 
7.972404844527e-15 
8.216581201055e-15 
8.309152560901e-15 
8.628300374612e-15 
8.813558484352e-15 
8.930752054923e-15 
9.252655119716e-15 
9.445447891138e-15 
9.609161619909e-15 
9.905184999215e-15 
1.023139264707e-14 
1.031313058157e-14 
1.073058000941e-14 
1.100330521793e-14 
1.108366308537e-14 
1.147145589086e-14 
1.176269513346e-14 
1.186433904632e-14 
1.227268459492e-14 
1.258784324455e-14 
1.268624843345e-14 
1.315389240300e-14 
1.346707034651e-14 
1.356977181931e-14 
1.408022874801e-14 
1.439203066600e-14 
1.450937419233e-14 
1.505950181080e-14 
1.535514359044e-14 
1.547482512140e-14 
1.589294878038e-14 
1.642349979716e-14 
1.652489668915e-14 
1.694874158221e-14 
1.748903901110e-14 
1.757786062228e-14 
1.808711286806e-14 
1.864567131240e-14 
1.865681751626e-14 
1.924273076238e-14 
1.977084075073e-14 
2.033891300569e-14 
2.046232178801e-14 
2.105151381693e-14 
2.169301116643e-14 
2.169757245696e-14 
2.236287393939e-14 
2.302512998019e-14 
2.300470757997e-14 
2.373166706485e-14 
2.442570165171e-14 
2.438675559006e-14 
2.512529388268e-14 
2.583527239445e-14 
2.595246117511e-14 
2.660634926104e-14 
2.738183576087e-14 
2.744877935485e-14 
2.821770184830e-14 
2.900067583632e-14 
2.900641107467e-14 
2.987509066384e-14 
3.061069257611e-14 
3.065396421292e-14 
3.155605212320e-14 
3.236844000921e-14 
3.223779241715e-14 
3.333292068891e-14 
3.419413022463e-14 
3.401867499584e-14 
3.517043931121e-14 
3.601210004799e-14 
3.589247627936e-14 
3.707968841850e-14 
3.797456219517e-14 
3.782488601859e-14 
3.913214018740e-14 
3.997781171894e-14 
3.983625900981e-14 
4.119425288629e-14 
4.217286606077e-14 
4.196565458001e-14 
4.342083478490e-14 
4.441614064177e-14 
4.418418061799e-14 
4.568887683958e-14 
4.671738383769e-14 
4.649812812772e-14 
4.805857037362e-14 
4.913701232454e-14 
4.887126578080e-14 
5.053838155530e-14 
5.165889236943e-14 
5.139968980620e-14 
5.314822367073e-14 
5.421590426132e-14 
5.395560097800e-14 
5.578280651794e-14 
5.695838293167e-14 
5.663237431330e-14 
5.861330704920e-14 
5.971880313430e-14 
5.941544428238e-14 
6.144938048925e-14 
6.262147206431e-14 
6.230163632091e-14 
6.445973859821e-14 
6.566166428418e-14 
6.536922260150e-14 
6.755101261122e-14 
6.879943874532e-14 
6.844560626520e-14 
7.077282776924e-14 
7.147815962392e-14 
7.166855964401e-14 
7.410632043040e-14 
7.485687408643e-14 
7.503907168436e-14 
7.753160675228e-14 
7.832194426954e-14 
7.851163987593e-14 
8.112051230954e-14 
8.122214248494e-14 
8.208597249535e-14 
8.487184506689e-14 
8.490440430243e-14 
8.580700019399e-14 
8.872839500811e-14 
8.875990990964e-14 
8.900379270521e-14 
9.271623450066e-14 
9.213720700757e-14 
9.440948127665e-14 
9.676777292273e-14 
9.452425237246e-14 
9.348640288631e-14 
9.914798761335e-14 
9.888346928376e-14 
9.695977494321e-14 
9.890480284918e-14 
1.044994096664e-13 
1.062708179602e-13 
1.060596771740e-13 
1.088228896730e-13 
1.095542517952e-13 
1.082938598293e-13 
1.125548670769e-13 
1.153411802407e-13 
1.170946786550e-13 
1.126556355752e-13 
1.162622608757e-13 
1.212948350954e-13 
1.225113641485e-13 
1.206995600994e-13 
1.238518029329e-13 
1.266075639559e-13 
1.275924600810e-13 
1.275445976689e-13 
1.322019216232e-13 
1.326059998604e-13 
1.320743847127e-13 
1.316009441510e-13 
1.392342805508e-13 
1.448254172619e-13 
1.416248931989e-13 
1.440263619461e-13 
1.491367391892e-13 
1.488549074622e-13 
1.513309681910e-13 
1.554997615558e-13 
1.531841982040e-13 
1.538316843931e-13 
1.559807209160e-13 
1.631528560868e-13 
1.676672936713e-13 
1.647425527821e-13 
1.676870174819e-13 
1.714546462641e-13 
1.716647638153e-13 
1.734519997191e-13 
1.777862901770e-13 
1.761573457393e-13 
1.761387947896e-13 
1.777054696548e-13 
1.865314895998e-13 
1.899415725867e-13 
1.892888480379e-13 
1.921836825121e-13 
1.980054296355e-13 
1.969307116131e-13 
1.976149577004e-13 
2.049593493663e-13 
2.042450286041e-13 
2.028175349762e-13 
2.059633211275e-13 
2.149512420148e-13 
2.193123187328e-13 
2.172769252582e-13 
2.216637662190e-13 
2.276873346800e-13 
2.270247087233e-13 
2.291531971880e-13 
2.347070333912e-13 
2.337104816462e-13 
2.329696431836e-13 
2.350296070728e-13 
2.463871414360e-13 
2.509025491799e-13 
2.483315020553e-13 
2.533340534538e-13 
2.604172566013e-13 
2.586880750466e-13 
2.595937393588e-13 
2.680755695735e-13 
2.671326012053e-13 
2.647129809028e-13 
2.679139553602e-13 
2.814035907952e-13 
2.855453889710e-13 
2.832098513850e-13 
2.889751581479e-13 
2.974010254253e-13 
2.953652834647e-13 
2.980360393922e-13 
3.021482864302e-13 
3.023108752741e-13 
2.979628915927e-13 
3.069169745159e-13 
3.160739596135e-13 
3.152262147117e-13 
3.099899152813e-13 
3.230020767433e-13 
3.337574476145e-13 
3.288412535421e-13 
3.362713876934e-13 
3.400052013212e-13 
3.472802772629e-13 
3.384678468173e-13 
3.483880927990e-13 
3.521152060750e-13 
3.676238601553e-13 
3.759277871612e-13 
3.688082530871e-13 
3.751352228048e-13 
3.836390677848e-13 
3.717187233894e-13 
3.812017219741e-13 
3.831169143689e-13 
3.999156295500e-13 
4.047899727798e-13 
3.989942898355e-13 
4.079204648854e-13 
4.186139026580e-13 
4.113786953407e-13 
4.194885659023e-13 
4.230947574930e-13 
4.371229250626e-13 
4.385648522462e-13 
4.351061834126e-13 
4.310167178810e-13 
4.479301071268e-13 
4.607687941186e-13 
4.663837232125e-13 
4.562947074876e-13 
4.667689299142e-13 
4.873723797762e-13 
4.932471710469e-13 
4.855811377153e-13 
4.989386413374e-13 
5.086954555214e-13 
4.933062376857e-13 
5.046106251723e-13 
5.067802584882e-13 
5.253008226234e-13 
5.330317332313e-13 
5.352611626726e-13 
5.309510725994e-13 
5.411665073851e-13 
5.621586984228e-13 
5.656497189337e-13 
5.577895616504e-13 
5.733547100317e-13 
5.872861182013e-13 
5.826274746970e-13 
5.715730756210e-13 
5.780568785825e-13 
5.990889545431e-13 
6.149112768763e-13 
6.166024950250e-13 
6.028789877110e-13 
6.199134847515e-13 
6.488530768522e-13 
6.576000426688e-13 
6.416943575193e-13 
6.588139956410e-13 
6.727820205194e-13 
6.721908437986e-13 
6.661708586535e-13 
6.696863940406e-13 
6.936639467135e-13 
7.056079060387e-13 
7.163674736054e-13 
6.950195704727e-13 
7.135360879185e-13 
7.433367862081e-13 
7.606728076935e-13 
7.355881193730e-13 
7.520361074526e-13 
7.736669930716e-13 
7.657960307895e-13 
7.572792979920e-13 
7.580606915402e-13 
7.885089460167e-13 
8.051006542709e-13 
8.116654383192e-13 
7.898042833638e-13 
8.114210878309e-13 
8.472385674474e-13 
8.580019133535e-13 
8.349928667810e-13 
8.502108751938e-13 
8.770198310042e-13 
8.761538554012e-13 
8.785053456275e-13 
8.615358974418e-13 
8.971698376063e-13 
9.192471909019e-13 
9.120365840724e-13 
9.106185651145e-13 
9.334384330362e-13 
9.570666037354e-13 
9.500808425597e-13 
9.590800522276e-13 
9.412575772192e-13 
9.779215711692e-13 
1.008122451934e-12 
1.026512731735e-12 
9.768838513648e-13 
1.004699087968e-12 
1.038753985734e-12 
1.044348366211e-12 
1.056286996443e-12 
1.042030143165e-12 
1.062198210258e-12 
1.104760391036e-12 
1.069725498720e-12 
1.096030481901e-12 
1.099308217579e-12 
1.134746606002e-12 
1.144665812166e-12 
1.157737035378e-12 
1.135905575722e-12 
1.162696851413e-12 
1.205181793494e-12 
1.215140604876e-12 
1.175026876471e-12 
1.207339905805e-12 
1.246202276520e-12 
1.242947475688e-12 
1.231600845445e-12 
1.240232497975e-12 
1.265895003064e-12 
1.306342174307e-12 
1.327034703030e-12 
1.270177334664e-12 
1.305134318488e-12 
1.341592832087e-12 
1.342766556481e-12 
1.330527919495e-12 
1.339663180092e-12 
1.369663514916e-12 
1.417521225533e-12 
1.412158726843e-12 
1.367982080029e-12 
1.405691032356e-12 
1.454409448449e-12 
1.462556116485e-12 
1.441002148044e-12 
1.449115777836e-12 
1.483861537930e-12 
1.538542280591e-12 
1.535453237481e-12 
1.483861383156e-12 
1.524456463655e-12 
1.576669374579e-12 
1.583705400218e-12 
1.562332229656e-12 
1.571668795471e-12 
1.608177586484e-12 
1.664375821915e-12 
1.673268013592e-12 
1.606274535528e-12 
1.650308052667e-12 
1.705195110120e-12 
1.709150623113e-12 
1.678295978533e-12 
1.698400961885e-12 
1.737405068412e-12 
1.796883532484e-12 
1.791992168843e-12 
1.732577101834e-12 
1.779866684879e-12 
1.840268176204e-12 
1.846424718570e-12 
1.808185577863e-12 
1.828847987842e-12 
1.872420954970e-12 
1.932783579537e-12 
1.927192751591e-12 
1.867297680142e-12 
1.918393376745e-12 
1.984747932866e-12 
1.993133627251e-12 
1.948946816275e-12 
1.970165059857e-12 
2.017955095581e-12 
2.083420651429e-12 
2.076792950355e-12 
2.012068706847e-12 
2.066618005619e-12 
2.138293535971e-12 
2.145479373264e-12 
2.098580359634e-12 
2.121625944197e-12 
2.172591940084e-12 
2.241599039465e-12 
2.236242792478e-12 
2.164260816116e-12 
2.223008192488e-12 
2.299372265431e-12 
2.305887853437e-12 
2.254902608785e-12 
2.279610940695e-12 
2.327471404536e-12 
2.401053196369e-12 
2.400052786826e-12 
2.323629361614e-12 
2.386888360968e-12 
2.469547461217e-12 
2.477686625806e-12 
2.419443391680e-12 
2.445024232344e-12 
2.497736518201e-12 
2.578134569937e-12 
2.573732269217e-12 
2.492820108166e-12 
2.560490173406e-12 
2.650388767771e-12 
2.658510538610e-12 
2.657103678729e-12 
2.613385282910e-12 
2.678340434606e-12 
2.764481469057e-12 
2.759127344015e-12 
2.671509734945e-12 
2.743419431730e-12 
2.839702048476e-12 
2.847449587373e-12 
2.778672426463e-12 
2.799593915314e-12 
2.869160020458e-12 
2.960492560262e-12 
2.954641463632e-12 
2.859256191969e-12 
2.937251177147e-12 
3.039311730053e-12 
3.046756956962e-12 
2.971406829059e-12 
2.993717185329e-12 
3.068888549679e-12 
3.167101558187e-12 
3.157923002101e-12 
3.056216315751e-12 
3.139519549257e-12 
3.249382649328e-12 
3.257493961447e-12 
3.249769125983e-12 
3.198028772430e-12 
3.268696201985e-12 
3.384750821592e-12 
3.372354400382e-12 
3.263742111602e-12 
3.352758372474e-12 
3.470467922030e-12 
3.478561671929e-12 
3.458101784427e-12 
3.413119408606e-12 
3.489631738599e-12 
3.613292426312e-12 
3.598421258512e-12 
3.481922354764e-12 
3.576673996423e-12 
3.707594352506e-12 
3.719607693238e-12 
3.688487284764e-12 
3.643900032468e-12 
3.756385682448e-12 
3.961319236542e-12 
3.793653022417e-12 
3.717803937969e-12 
3.974947935960e-12 
4.714138996445e-12 
5.888552490527e-12 
7.147676521977e-12 
8.128531684603e-12 
1.245565232371e-11 
1.886779752010e-10 
6.793463419918e-09 
2.554288735725e-07 
1.298621301575e-06 
5.139689304442e-06 
1.655088557095e-05 
9.091932897682e-05 
1.907153614537e-04 
4.431956581539e-04 
7.754513322020e-04 
1.282412737781e-03 
2.019965449164e-03 
3.049907532414e-03 
4.446861101253e-03 
6.261253122328e-03 
9.991017912144e-03 
1.305565017790e-02 
1.672915028328e-02 
2.105854650545e-02 
2.608343521438e-02 
3.183437813521e-02 
3.833394932924e-02 
4.569912017834e-02 
5.372877298483e-02 
6.261332327187e-02 
7.214132728224e-02 
8.238493741752e-02 
9.331083907767e-02 
1.048801438419e-01 
1.170482801464e-01 
1.297642811031e-01 
1.433225157035e-01 
1.569810101078e-01 
1.713074026306e-01 
1.856731236323e-01 
2.003107157238e-01 
2.151614880452e-01 
2.301715784653e-01 
2.452894206856e-01 
2.604626446197e-01 
2.763302025274e-01 
2.914685211226e-01 
3.070594686264e-01 
3.220080000035e-01 
3.368143865095e-01 
3.514619126536e-01 
3.659200406468e-01 
3.801670912991e-01 
3.941790993380e-01 
4.089752922225e-01 
4.224293201402e-01 
4.356168393043e-01 
4.492424700797e-01 
4.618353043067e-01 
4.741439604603e-01 
4.861654797321e-01 
4.978983524021e-01 
5.093423524978e-01 
5.204983829712e-01 
5.313683318931e-01 
5.419549398545e-01 
5.531629506045e-01 
5.631346868106e-01 
5.728393272329e-01 
5.822816519783e-01 
5.914668025996e-01 
6.004002109086e-01 
6.090875356536e-01 
6.175346064783e-01 
6.257473745740e-01 
6.337318694525e-01 
6.414941612857e-01 
6.490403282838e-01 
6.563764286131e-01 
6.635084763884e-01 
6.704424213063e-01 
6.771841315199e-01 
6.837393793904e-01 
6.901138297794e-01 
6.963130305808e-01 
7.023424052167e-01 
7.082072468500e-01 
7.139127140933e-01 
7.194638280138e-01 
7.248654702590e-01 
7.301223821439e-01 
7.352391645615e-01 
7.402202785921e-01 
7.450700467030e-01 
7.497926544423e-01 
7.543921525425e-01 
7.588724593611e-01 
7.632373635926e-01 
7.674905271971e-01 
7.716354884963e-01 
7.756756653950e-01 
7.796143586920e-01 
7.834547554498e-01 
7.871999323950e-01 
7.908528593290e-01 
7.944164025279e-01 
7.978933281168e-01 
8.012863054046e-01 
8.045979101679e-01 
8.078306278760e-01 
8.109868568480e-01 
8.140689113382e-01 
8.170790245433e-01 
8.200193515296e-01 
8.228919720769e-01 
8.256988934383e-01 
8.284420530136e-01 
8.311233209379e-01 
8.337445025845e-01 
8.363073409827e-01 
8.388135191522e-01 
8.412646623544e-01 
8.436623402636e-01 
8.460080690583e-01 
8.483033134354e-01 
8.505494885489e-01 
8.527479618757e-01 
8.549000550098e-01 
8.570070453878e-01 
8.590701679478e-01 
8.610906167236e-01 
8.630695463763e-01 
8.650080736664e-01 
8.669072788672e-01 
8.687682071231e-01 
8.705918697534e-01 
8.723792455045e-01 
8.741312817529e-01 
8.758488956595e-01 
8.775329752786e-01 
8.791843806225e-01 
8.808039446833e-01 
8.823924744151e-01 
8.839507516760e-01 
8.854795341332e-01 
8.869795561324e-01 
8.884515295321e-01 
8.898961445053e-01 
8.913140703097e-01 
8.927059560272e-01 
8.940724312742e-01 
8.954141068847e-01 
8.967315755658e-01 
8.980254125279e-01 
8.992961760910e-01 
9.005444082664e-01 
9.017706353167e-01 
9.029753682934e-01 
9.041591035550e-01 
9.053223232637e-01 
9.064654958645e-01 
9.075890765452e-01 
9.086935076790e-01 
9.097792192510e-01 
9.108466292676e-01 
9.118961441517e-01 
9.129281591216e-01 
9.139430585576e-01 
9.149412163533e-01 
9.159229962550e-01 
9.168887521879e-01 
9.178388285712e-01 
9.187735606205e-01 
9.196932746398e-01 
9.205982883035e-01 
9.214889109270e-01 
9.223654437285e-01 
9.232281800808e-01 
9.240774057547e-01 
9.249133991532e-01 
9.257364315376e-01 
9.265467672462e-01 
9.273446639039e-01 
9.281303726264e-01 
9.289041382152e-01 
9.296661993479e-01 
9.304167887601e-01 
9.311561334225e-01 
9.318844547110e-01 
9.326019685712e-01 
9.333088856779e-01 
9.340054115882e-01 
9.346917468905e-01 
9.353680873475e-01 
9.360346240354e-01 
9.366915434777e-01 
9.373390277749e-01 
9.379772547301e-01 
9.386063979701e-01 
9.392266270629e-01 
9.398381076309e-01 
9.404410014613e-01 
9.410354666116e-01 
9.416216575134e-01 
9.421997250713e-01 
9.427698167595e-01 
9.433320767155e-01 
9.438866458300e-01 
9.444336618348e-01 
9.449732593877e-01 
9.455055701544e-01 
9.460307228885e-01 
9.465488435084e-01 
9.470600551722e-01 
9.475644783503e-01 
9.480622308956e-01 
9.485534281117e-01 
9.490381828190e-01 
9.495166054188e-01 
9.499888039556e-01 
9.504548841771e-01 
9.509149495932e-01 
9.513691015325e-01 
9.518174391974e-01 
9.522600597179e-01 
9.526970582031e-01 
9.531285277919e-01 
9.535545597019e-01 
9.539752432770e-01 
9.543906660336e-01 
9.548009137050e-01 
9.552060702857e-01 
9.556062180732e-01 
9.560014377093e-01 
9.563918082199e-01 
9.567774070543e-01 
9.571583101222e-01 
9.575345918312e-01 
9.579063251220e-01 
9.582735815032e-01 
9.586364310850e-01 
9.589949426120e-01 
9.593491834954e-01 
9.596992198437e-01 
9.600451164929e-01 
9.603869370360e-01 
9.607247438519e-01 
9.610585981326e-01 
9.613885599107e-01 
9.617146880856e-01 
9.620370404495e-01 
9.623556737116e-01 
9.626706435235e-01 
9.629820045021e-01 
9.632898102527e-01 
9.635941133919e-01 
9.638949655693e-01 
9.641924174887e-01 
9.644865189289e-01 
9.647773187641e-01 
9.650648649835e-01 
9.653492047105e-01 
9.656303842216e-01 
9.659084489644e-01 
9.661834435758e-01 
9.664554118987e-01 
9.667243969997e-01 
9.669904411851e-01 
9.672535860172e-01 
9.675138723298e-01 
9.677713402437e-01 
9.680260291816e-01 
9.682779778826e-01 
9.685272244164e-01 
9.687738061973e-01 
9.690177599976e-01 
9.692591219609e-01 
9.694979276148e-01 
9.697342118839e-01 
9.699680091016e-01 
9.701993530222e-01 
9.704282768331e-01 
9.706548131653e-01 
9.708789941056e-01 
9.711008512066e-01 
9.713204154980e-01 
9.715377174965e-01 
9.717527872164e-01 
9.719656541792e-01 
9.721763474234e-01 
9.723848955139e-01 
9.725913265514e-01 
9.727956681814e-01 
9.729979476030e-01 
9.731981915773e-01 
9.733964264364e-01 
9.735926780911e-01 
9.737869720391e-01 
9.739793333734e-01 
9.741697867891e-01 
9.743583565916e-01 
9.745450667040e-01 
9.747299406737e-01 
9.749130016801e-01 
9.750942725412e-01 
9.752737757204e-01 
9.754515333331e-01 
9.756275671530e-01 
9.758018986188e-01 
9.759745488398e-01 
9.761455386026e-01 
9.763148883765e-01 
9.764826183195e-01 
9.766487482841e-01 
9.768132978224e-01 
9.769762861922e-01 
9.771377323616e-01 
9.772976550147e-01 
9.774560725565e-01 
9.776130031178e-01 
9.777684645606e-01 
9.779224744818e-01 
9.780750502193e-01 
9.782262088552e-01 
9.783759672214e-01 
9.785243419033e-01 
9.786713492444e-01 
9.788170053504e-01 
9.789613260934e-01 
9.791043271161e-01 
9.792460238355e-01 
9.793864314469e-01 
9.795255649276e-01 
9.796634390409e-01 
9.798000683397e-01 
9.799354671697e-01 
9.800696496733e-01 
9.802026297932e-01 
9.803344212753e-01 
9.804650376721e-01 
9.805944923464e-01 
9.807227984740e-01 
9.808499690470e-01 
9.809760168769e-01 
9.811009545974e-01 
9.812247946676e-01 
