2.000000 nan 
4.000000 nan 
6.000000 nan 
8.000000 nan 
10.000000 nan 
12.000000 nan 
14.000000 nan 
16.000000 nan 
18.000000 nan 
20.000000 nan 
22.000000 nan 
24.000000 nan 
26.000000 nan 
28.000000 nan 
30.000000 nan 
32.000000 nan 
34.000000 nan 
36.000000 nan 
38.000000 nan 
40.000000 nan 
42.000000 nan 
44.000000 nan 
46.000000 nan 
48.000000 nan 
50.000000 nan 
52.000000 nan 
54.000000 nan 
56.000000 nan 
58.000000 nan 
60.000000 nan 
62.000000 nan 
64.000000 nan 
66.000000 nan 
68.000000 nan 
70.000000 nan 
72.000000 nan 
74.000000 nan 
76.000000 nan 
78.000000 nan 
80.000000 nan 
82.000000 nan 
84.000000 nan 
86.000000 nan 
88.000000 nan 
90.000000 nan 
92.000000 nan 
94.000000 nan 
96.000000 nan 
98.000000 nan 
100.000000 nan 
102.000000 nan 
104.000000 nan 
106.000000 nan 
108.000000 nan 
110.000000 nan 
112.000000 nan 
114.000000 nan 
116.000000 nan 
118.000000 nan 
120.000000 nan 
122.000000 nan 
124.000000 nan 
126.000000 nan 
128.000000 nan 
130.000000 nan 
132.000000 nan 
134.000000 nan 
136.000000 nan 
138.000000 nan 
140.000000 nan 
142.000000 nan 
144.000000 nan 
146.000000 nan 
148.000000 nan 
150.000000 nan 
152.000000 nan 
154.000000 nan 
156.000000 nan 
158.000000 nan 
160.000000 nan 
162.000000 nan 
164.000000 nan 
166.000000 nan 
168.000000 nan 
170.000000 nan 
172.000000 nan 
174.000000 nan 
176.000000 nan 
178.000000 nan 
180.000000 nan 
182.000000 nan 
184.000000 nan 
186.000000 nan 
188.000000 nan 
190.000000 nan 
192.000000 nan 
194.000000 nan 
196.000000 nan 
198.000000 nan 
200.000000 nan 
